# Position (bp)	A	C	G	T	N
0.0	17.433245715138252	31.624445858466853	33.254713473262385	17.686144250291584	0.0014507028409293764
1.0	22.149440108847937	19.38015949296731	23.37504381962253	35.066577129228186	0.028779449334037054
2.0	25.25081614376025	22.79968256580099	24.671097876204623	27.278082975668443	3.2043856569167144E-4
3.0	30.211673285675626	22.743078022809	27.281720133410648	19.76352753871615	1.0193885770516935E-6
4.0	33.66613596790374	18.194540113486237	26.011063856020172	22.128260062589845	0.0
5.0	36.18627517680596	20.226469200347992	20.210341366576113	23.376210699885064	7.035563848719372E-4
6.0	17.772490938324836	21.092640476574804	20.273884768182533	40.86098381691783	0.0
7.0	21.709228671726137	28.95071373991106	21.333770411945068	28.00628717641774	0.0
8.0	21.985159785663974	25.38348059927254	23.54435052770531	29.08700908735818	0.0
9.0	35.51893033908614	19.267874067686325	24.026163608547	21.187031984680534	0.0
10.0	24.950305470508464	28.384865134166816	26.724048097465875	19.940781297858848	0.0
11.0	21.843891916518082	26.528274805456586	24.416892280082983	27.210940997942345	0.0
12.0	25.363962883726966	22.971056956024334	22.973801226095148	28.691176901360908	2.0327926450472256E-6
13.0	25.724518082594717	23.28206056779367	23.190386401175463	27.80303494843615	0.0
14.0	25.917263012147195	23.582478581581732	23.177368101495944	27.32286490408792	2.5400687204416013E-5
15.0	26.28905247179555	23.52175940952896	23.650826460364726	26.538361658310766	0.0
16.0	26.252105407144043	23.4188982226893	23.917568372648184	26.410698711481583	7.292860368924882E-4
17.0	26.533941453013536	23.316869197193302	23.967736565372157	26.181452784421012	0.0
18.0	26.398308166801364	23.180906083697923	24.23178062830394	26.189005121196768	0.0
19.0	26.47832621736297	23.56908380193549	23.78167551073599	26.129456340270195	0.04145812969534996
20.0	25.981950800039815	23.630780357273473	23.897176888118786	26.490087893799952	4.060767971423563E-6
21.0	26.207130127201815	23.748017150537596	23.80255585197282	26.242296870287767	0.0
22.0	26.364276994191112	23.292809974423506	23.729690781207104	26.613222250178282	0.0
23.0	25.957579153747822	23.645140817486297	23.51252993972247	26.88460496058215	1.4512846126940007E-4
24.0	26.061764917042062	23.701686810930088	23.926946380311414	26.309601891716433	0.0
25.0	26.535843832002076	23.162543429728977	23.778746112482494	26.522840243163763	2.6382622691854103E-5
26.0	26.383519952269864	23.677090899881698	23.48384418656683	26.455544961281614	0.0
27.0	26.014798539597034	23.621826471187656	24.013853423532687	26.349503303746562	1.826193606228343E-5
28.0	26.79248065133105	23.50237222395307	23.653281802962642	26.051865321753237	0.0
29.0	26.171279858057616	23.778389686552423	23.543544662203743	26.50662144884209	1.6434434413048281E-4
30.0	25.802202728567675	23.826946268691028	24.03460846580915	26.336242536932147	0.0
31.0	26.03411297507617	23.621111270290655	24.11672150414869	26.22639370230051	0.0016605481839805831
32.0	26.373884169554103	23.707491994170482	23.745746444242577	26.172877392032838	0.0
33.0	26.229656020682047	23.835899674048814	24.244434369139444	25.68978070090779	2.292352219025856E-4
34.0	25.953648136053342	23.664525657649417	24.473789437881553	25.908036768415688	0.0
35.0	26.58462985253983	23.67903223254461	23.764271042396167	25.971898506573776	1.6836594561414826E-4
36.0	26.447194270393787	23.941509850681697	24.25449270585681	25.35680317306771	0.0
37.0	26.617067444142556	23.598040560505456	24.075372017497426	25.709519977854562	0.0
38.0	26.140136841888218	23.865291797988956	23.889056106435866	26.10551525368696	0.0
39.0	25.993548473208843	24.03696284590939	24.222935537999863	25.74468491664729	0.0018682262346105117
40.0	26.585186235479735	23.74834426473589	23.883034398318483	25.78343510146589	0.0
41.0	26.691290102057476	23.987495516600003	23.631917842458865	25.68929653888366	0.0
42.0	25.98750304123021	24.45145943047076	24.01562058996266	25.502241864588765	0.04317507374761405
43.0	26.49675510348752	24.13879899936728	23.90549482935099	25.458949039512053	2.028282163661885E-6
44.0	25.990252421008265	23.964156962827488	23.775020050033966	26.270570566130285	0.0
45.0	26.38315073781936	23.972565641406472	24.393335573634705	25.22916600601709	0.02178204112237212
46.0	26.089243813897724	24.07538436659041	24.166387395937956	25.668972254546485	1.2169027425874576E-5
47.0	25.936175549915557	24.32149860004551	23.90051087633082	25.84157160123985	2.4337246826846383E-4
48.0	26.030522941436956	24.099988064934465	24.11851935828083	25.750969635347747	0.0
49.0	26.10418433265404	23.927374380190145	24.30982566323338	25.658615623922437	0.0
50.0	25.888346841391936	24.358551637758374	23.948685530341386	25.80357335607777	8.42634430535636E-4
51.0	25.84498832371585	24.358632800737727	24.472179269655484	25.32356484888484	6.347570060949651E-4
52.0	25.60659428242953	24.076454882993502	24.21106377711324	26.10588705746373	0.0
53.0	25.8531907881235	24.253661742324503	23.96761676797479	25.925494198530174	3.65030470310125E-5
54.0	25.92091896150001	24.814445731167382	24.30116089988677	24.96347035158158	4.055864257523856E-6
55.0	26.27695909450713	24.181075009353396	24.112147123812665	25.429751850080702	6.692224610445098E-5
56.0	26.00686208071505	24.64690023346608	24.03329067832515	25.31294700749372	0.0
57.0	25.778771134611013	24.585397083358913	24.295737556548698	25.33953148250379	5.627429775886849E-4
58.0	25.681921712785496	24.419216624880953	24.234515646071227	25.664346016262325	0.0
59.0	26.11309243135621	24.19544787817324	24.22287701869824	25.468582671772307	0.0
60.0	25.913963175345756	24.291956101450175	24.44237482515721	25.351705898046855	0.0
61.0	26.103360110210698	24.022098034987813	24.168561109081338	25.705905704576054	7.504114409594176E-5
62.0	25.888134923834453	24.40313236905034	24.083441347288908	25.62474173671311	5.496231131892318E-4
63.0	25.46164468319054	24.566434054829685	24.60954419918483	25.362184384960333	1.9267783461875308E-4
64.0	25.796497655370075	24.225010766380286	24.693538202411112	25.28495337583852	0.0
65.0	25.720901812856123	24.338619010416405	24.32968452325845	25.61079363933881	1.0141302108913184E-6
66.0	25.912809988263945	24.50505222402926	24.828492531397906	24.75364525630889	0.0
67.0	25.894438856714224	24.29501241240147	24.778534704774298	25.032011997691257	2.0284187552872004E-6
68.0	25.56887103004367	24.380134841302155	24.663519737410944	25.38747439124323	0.0
69.0	25.49837208240445	24.67158423065546	24.667172309966254	25.162871376973833	0.0
70.0	25.805786160756355	24.610919770782125	24.431652896883477	25.151641171578042	0.0
71.0	25.59598047200233	24.330932941228586	24.4108337759197	25.659648407119096	0.002604403730285029
72.0	25.395206349878976	24.765623587183136	24.74896759362548	25.090202469312405	0.0
73.0	25.510305362379714	24.259297166153395	24.740361009151858	25.49003646231503	0.0
74.0	25.28333660706793	24.710764382170616	24.201622751324177	25.804263073890528	1.318554675015728E-5
75.0	25.386144830515455	24.81234740865373	24.669186363274726	25.13232139755609	0.0
76.0	25.22468089327669	24.644014732348573	24.382423343739212	25.748881030635523	0.0
77.0	25.308764002034206	24.648181452652892	24.48052090197548	25.56253364333742	0.0
78.0	25.355700464266178	24.534719878142887	24.85869500314773	25.245866180229388	0.005018474213817516
79.0	25.25458053006609	24.117965177028864	24.98464470647827	25.642809586426768	0.0
80.0	25.192587200970507	24.691385154902008	24.593520247393073	25.522505367605085	2.0291293284042535E-6
81.0	24.863517115971103	24.89899487363802	24.82976723376696	25.407720776623915	0.0
82.0	25.493301749980873	24.558933736356046	24.58372863509861	25.361963971897033	0.002071906667443344
83.0	25.395203815906537	24.523659058881595	24.480306170326067	25.6008309548858	0.0
84.0	25.082957652409178	24.75617352188013	24.762604154919583	25.397732928371564	5.317424195475496E-4
85.0	25.17527965226672	24.72760788976651	24.925666866532396	25.171445591434377	0.0
86.0	25.09798401735811	24.965899540289264	24.48804959538384	25.448066846968786	0.0
87.0	25.170434666798176	25.181970619412553	24.65001359985897	24.997581113930302	0.0
88.0	25.557496635854786	24.545021284328815	24.670509868971294	25.22672962373867	2.425871064323626E-4
89.0	25.30307908216443	24.812440907207293	24.584403530556582	25.30007648007169	0.0
90.0	25.346392718053806	25.00438415897761	24.934150312835822	24.715071794987416	1.015145349373997E-6
91.0	25.830146684266026	24.64945168221609	24.53499241587945	24.985409217638434	0.0
92.0	25.544394278981358	24.825541250864376	24.178830400202266	25.451234069952	0.0
93.0	25.356036848655013	25.02249260348075	24.594983366043724	25.02648718182051	0.0
94.0	25.295428997112307	24.784530466520092	24.89296248774429	25.027078048623313	0.0
95.0	25.323316966402093	24.922116927891665	24.398530510372833	25.355848730394925	1.8686493849096812E-4
96.0	25.041044814964813	24.898845569350268	24.76772215458173	25.29234581882307	4.164228011796953E-5
97.0	25.30696710846091	25.02191049567722	24.52103139928606	25.150090996575813	0.0
98.0	25.019452688300873	24.804701551763454	24.413745031734543	25.762100728201126	0.0
99.0	24.99942952277645	24.86709303074341	24.888645182734876	25.244832263745266	0.0
100.0	25.632263150840345	24.812623659757886	24.534461760255404	25.02065142914637	0.0
101.0	25.216116610260382	24.85015169121205	24.784961592310694	25.14877010621688	0.0
102.0	24.976765232518826	24.85186400136988	24.900399775004598	25.270806342476632	1.6464863006648226E-4
103.0	25.098184401756196	24.84970443437482	24.691118410112033	25.36099275375695	0.0
104.0	25.176913569253607	24.802969036088125	24.49268527829727	25.527432116361	0.0
105.0	25.23664875791049	24.738133246026454	24.81992040703444	25.205297589028614	0.0
106.0	25.43042978342894	24.3668349696732	24.806415001151358	25.396320245746494	0.0
107.0	25.5211296863287	24.46725419162897	24.79342912153761	25.218187000504717	0.0
108.0	25.173534306059004	24.90507077814466	24.866907034740514	25.054487881055827	0.0
109.0	25.48923042087109	24.483238074833782	24.59715494528764	25.430376559007485	0.0
110.0	25.388017195439726	24.38572426052058	24.426811298358434	25.777456211807674	0.02199103387359001
111.0	25.256977091670063	24.635995725304245	24.94826444449687	25.15876273852882	0.0
112.0	25.814524469744164	24.22376002182508	24.759858951337396	25.201856557093354	0.0
113.0	25.581007006148436	24.881845067642402	24.2045825928515	25.33256533335766	0.0
114.0	25.31313112735719	24.913800399668823	24.737673480829585	25.0353949921444	0.0
115.0	25.50029917790097	24.39386756911757	25.083926373653973	25.021906879327478	0.0
116.0	25.094620151430757	24.81787205803405	24.54311378533413	25.544394005201067	0.0
117.0	25.097699621251294	24.989286253969322	24.929595819982	24.983418304797382	0.0
118.0	25.671362304607122	24.611887951396312	24.49547785796988	25.221271886026685	0.0
119.0	25.699150798707294	24.867005147606342	24.38045545006869	25.05338860361767	0.0
120.0	25.391916095014054	24.85697079669006	24.847853332265483	24.903259776030403	0.0
121.0	25.780282421078372	24.26250888325198	24.717109810230795	25.240098885438854	0.0
122.0	25.44479200769584	24.621657562923616	24.65142790120309	25.282122528177453	0.0
123.0	25.445446920889093	24.93965840582683	24.72948932156479	24.885405351719285	0.0
124.0	25.417590416982467	24.595209790042706	24.89871233756572	25.08848745540911	0.0
125.0	25.434619537439147	24.641035191657338	24.287667921155904	25.636677349747615	0.0
126.0	25.387750489594403	24.666596098182694	24.711345440255894	25.234307971967013	0.0
127.0	25.473612083905433	24.307527335801566	24.81946501187683	25.39939352419379	2.044222376479243E-6
128.0	25.501552064568273	24.501249625222865	24.620179311827687	25.377018998381175	0.0
129.0	24.801389949155876	24.76423815300734	24.895705121839356	25.538648363256694	1.8412740732775525E-5
130.0	25.3277363016578	24.412520025702978	24.610419284536043	25.64781701110453	0.001507376998650913
131.0	25.47863543768525	24.97539081059477	24.287042981648373	25.258930770071604	0.0
132.0	24.881967915167625	24.79257389374194	24.70881827431386	25.614305690045867	0.0023342267307041647
133.0	25.51106090294685	24.71344018843241	24.777397734738358	24.998101173882382	0.0
134.0	25.07228221852093	24.683404662068785	24.510772964321852	25.711767933130037	0.021772221958391066
135.0	25.11503511275323	25.163580925870466	24.738736076288887	24.91885258316298	0.06379530192444015
136.0	25.358385243542784	24.751387781214824	24.762808860413095	25.127418114829297	0.0
137.0	25.280729547062965	25.025599810153203	24.589757797957958	25.10384095183526	7.189299061109381E-5
138.0	25.16166320883136	25.199582936439125	24.92642132971523	24.71233252501429	0.0
139.0	25.579589730138707	24.620135773150515	24.88297709014234	24.91729740656844	0.0
140.0	25.37606156306751	24.945536919469156	24.385972315351193	25.29242920211214	0.0
141.0	25.24003695139972	25.228633978783815	24.72100495232028	24.810324117496187	0.0
142.0	25.254444019592604	24.911285675133986	24.687109684562465	25.14451180070971	0.0026488200012315774
143.0	25.43342992915432	24.971600977356445	24.361183885553935	25.233785207935295	0.0
144.0	25.146878518468352	25.16331506078583	25.058596361279896	24.63121005946592	0.0
145.0	25.45316201570279	25.12440603333191	24.83647920228891	24.58534431751624	6.084311601499024E-4
146.0	25.142275027747058	24.88396437771588	24.790309852417224	25.183450742119838	0.0
147.0	24.923926978218876	24.798981441631238	25.15598458576233	25.12079604231012	3.1095207743859024E-4
148.0	25.152456227524457	24.685762008745755	25.034946543200693	25.1268352205291	0.0
149.0	24.9708593130999	24.861085696601855	24.58277717950145	25.585277810796793	0.0
