# Position (bp)	A	C	G	T	N
0.0	21.829369271038505	25.421123879096463	23.601694732104615	29.14781211776042	0.0
1.0	35.42659960398621	19.178693824765883	24.165179393262466	21.22952717798543	0.0
2.0	24.87540056519389	28.50909349558149	26.765702829490845	19.849803109733774	0.0
3.0	21.82815074713149	26.53595985702209	24.29602994905832	27.3398594467881	0.0
4.0	25.49837375162695	22.88122106356837	22.97196038471436	28.648391445628384	5.335446193350255E-5
5.0	25.72361714705373	23.270597301178665	23.122792555192216	27.882992996575386	0.0
6.0	25.875535724366255	23.58842461738038	23.18905999783408	27.34697966041929	0.0
7.0	26.093435829591016	23.47688728866468	23.743277738046313	26.68639914369799	0.0
8.0	26.20809363056135	23.222970084575305	23.988469971100084	26.580431380844903	3.49329183605384E-5
9.0	26.502138383099133	23.19547568393596	23.988630622805495	26.313755310159408	0.0
10.0	26.34829670239113	23.213111967520028	24.307834349123947	26.130756980964893	0.0
11.0	26.555480986849023	23.40585999482184	23.828272249663883	26.210386768665252	0.0
12.0	26.075845204803173	23.513711610381492	23.870173994178305	26.540269190637034	0.0
13.0	26.152244675837295	23.637245884828292	23.89473732334506	26.31577211598936	0.0
14.0	26.34764164337148	23.3314208673965	23.76332645200349	26.557611037228533	0.0
15.0	26.015055290158735	23.58763709107826	23.522245217067887	26.874035801955078	0.001026599740039128
16.0	26.095166552420167	23.643872302453687	23.988456269235765	26.272504875890384	0.0
17.0	26.550345196161956	23.201085053573625	23.80281909363287	26.445680026476715	7.063015482958316E-5
18.0	26.573671194728334	23.62544377120619	23.43526103120312	26.365624002862358	0.0
19.0	26.109160094610175	23.5605011857306	24.12094698846064	26.209384757107536	6.974091051239528E-6
20.0	26.702981245581796	23.547263067046075	23.741127609523982	26.008628077848144	0.0
21.0	26.25823282463094	23.692570778401787	23.632254749358893	26.41684054419713	1.0110341125349996E-4
22.0	25.958245555436616	23.72852103056716	24.05660612088115	26.256627293115077	0.0
23.0	26.09360390288234	23.675486782775213	24.07798402876734	26.152617672564404	3.0761301070230106E-4
24.0	26.330200568384086	23.687130552607105	23.817370136490116	26.16529874251869	0.0
25.0	26.276973885051653	23.73499660837472	24.267942771161124	25.72001964697857	6.708843393482151E-5
26.0	26.080104495222535	23.66066948502797	24.376935343755296	25.882290675994202	0.0
27.0	26.527473014347734	23.62781147340388	23.776841687231055	26.067456554008228	4.1727100909658637E-4
28.0	26.394919433129083	23.907260447648408	24.239858748289993	25.457961370932512	0.0
29.0	26.57875323504512	23.573286874131586	24.12030707891613	25.727647585874085	5.2260330726367385E-6
30.0	26.171214893025475	23.847686461569136	23.984519988723548	25.99657865668184	0.0
31.0	26.010833195634387	24.01311048392655	24.24518669251151	25.729011192916897	0.0018584350106583079
32.0	26.609652761309594	23.688272400502818	23.912447761210668	25.789627076976924	0.0
33.0	26.57555024296042	23.863467108078776	23.737712514556957	25.82327013440385	0.0
34.0	25.99042612344636	24.269388723907458	24.110116385195937	25.630068767450247	0.0
35.0	26.500252745614556	23.99111541134952	23.95228196927291	25.556326365782745	2.3507980271476077E-5
36.0	26.148628813233397	23.948635476954067	23.79808013976436	26.104655570048173	0.0
37.0	26.427418120031014	23.988891017340013	24.30760558267696	25.27608527995201	0.0
38.0	26.249368066479033	23.96574221722628	24.227278297820718	25.557611418473975	0.0
39.0	26.02695355434349	24.13517146517483	23.89688821599682	25.940984153047104	2.6114377526468094E-6
40.0	26.038189928654287	23.99890596385574	24.159495686313704	25.80340842117627	0.0
41.0	26.182842489872353	23.918740578329817	24.257477885146493	25.640939046651333	0.0
42.0	26.12876975481055	24.138070355018996	23.95390181185322	25.778611387323213	6.466909940271603E-4
43.0	25.961458372408515	24.258262013056502	24.4111602463549	25.36599915593254	0.0031202122475424087
44.0	25.87871564541116	23.934291858822803	24.178143235921908	26.008849259844126	0.0
45.0	26.013745225962065	24.172171269658026	23.96531406065949	25.84876944372042	0.0
46.0	26.0059036688348	24.50083309864152	24.385166484230442	25.10765901274604	4.377355471949323E-4
47.0	26.348786352066394	24.126923106410242	24.122068133518244	25.40206663812742	1.5576987769619274E-4
48.0	26.188078119056428	24.399890567736126	24.060048026593584	25.351983286613862	0.0
49.0	25.974324354463036	24.422495244632838	24.280899109396938	25.322070708578575	2.1058292861455392E-4
50.0	25.938801841126928	24.207749528269982	24.211063104953443	25.642385525649647	0.0
51.0	26.260205087360948	24.124034601924738	24.15604638216241	25.459713928551906	0.0
52.0	25.987956497458995	24.231925842545852	24.428364606502544	25.351753053492605	0.0
53.0	26.23791253422102	23.991059735336403	24.154268840290243	25.61668405991191	7.483024042112231E-5
54.0	26.12724807933031	24.272314611392446	23.995789965450886	25.604309741955316	3.376018710382953E-4
55.0	25.63358548056025	24.465793456659778	24.509393311015433	25.391210349759163	1.7402005370554692E-5
56.0	26.035819655269975	24.118745437800843	24.57701310629644	25.26842180063274	0.0
57.0	25.91536554168707	24.29053821719938	24.213270145314024	25.58082609579953	0.0
58.0	25.868659068504307	24.437313037553267	24.724884558154034	24.9691433357884	0.0
59.0	26.059506313626173	24.239468512245406	24.57455088347507	25.12610538464776	3.689060055861766E-4
60.0	25.833062297311354	24.34435021750717	24.456396517692763	25.366190967488713	0.0
61.0	25.702760128963636	24.49266067464367	24.61084758511968	25.19373161127302	0.0
62.0	25.9092960333958	24.350734752729196	24.496249784346613	25.24371942952839	0.0
63.0	25.801001896882237	24.239517315937604	24.358399251711536	25.595232486808168	0.005849048660456931
64.0	25.56426810532097	24.587311572888343	24.715639060614116	25.132780391171504	8.700050692585371E-7
65.0	25.64677757569197	24.138758435596603	24.635211553921792	25.5786643139979	5.881207917282098E-4
66.0	25.448130096284675	24.480713188490743	24.23623872853932	25.834904936632945	1.305005230982968E-5
67.0	25.473529848734945	24.66006341968613	24.576459040061433	25.28994769151749	0.0
68.0	25.459373144421164	24.40684356636781	24.366726893151625	25.767056396059402	0.0
69.0	25.526644558224532	24.51106371719353	24.415002771885582	25.547288952696356	0.0
70.0	25.325311922371718	24.483299719819087	24.86543871349926	25.321670034195208	0.004279610114729308
71.0	25.39737166463569	24.119834818706508	24.861461564884323	25.621331951773485	0.0
72.0	25.260089583683616	24.540327992084375	24.552921823195227	25.64662753951124	3.3061525541442295E-5
73.0	24.962051164705823	24.715952640466067	24.802526282635917	25.51946991219219	0.0
74.0	25.528303696528436	24.528730829023	24.542930295965267	25.40002473769878	1.0440784516372247E-5
75.0	25.554647123562148	24.365436393054427	24.328933894647957	25.75098258873547	0.0
76.0	25.242519041658696	24.590734135167555	24.669324172317864	25.497159880673102	2.62770182781721E-4
77.0	25.280392036001274	24.54200415312077	24.76697124254659	25.41063256833136	0.0
78.0	25.301924279458515	24.650518141369577	24.441788618146514	25.605768961025394	0.0
79.0	25.341167419067624	24.899482225288303	24.73462406859127	25.024726287052808	0.0
80.0	25.634964212453248	24.477090586256097	24.703460049501068	25.184484281606363	8.701832215152245E-7
81.0	25.409902679231756	24.72585880174208	24.49138317654097	25.372852731863198	2.6106219960932386E-6
82.0	25.42688343278399	24.890283804470368	24.894919528461152	24.787913234284495	0.0
83.0	25.809772262187437	24.50647054594079	24.498632138244343	25.185125053627434	0.0
84.0	25.688616484270018	24.563581664167327	24.21460521331347	25.533196638249194	0.0
85.0	25.51377648437706	24.79287123384145	24.608654755044835	25.08469752673666	0.0
86.0	25.407359608900588	24.614727480822747	24.823987152994544	25.153925757282124	0.0
87.0	25.549931489946804	24.701175717234896	24.349228476281706	25.399663446164254	8.703723401519202E-7
88.0	25.247620169361685	24.770234413887987	24.700755339480445	25.281390077269883	0.0
89.0	25.457354302870623	24.72474692562568	24.465364939454847	25.352533832048852	0.0
90.0	25.144545871729374	24.66320462176318	24.334119636274025	25.858126388359242	3.4818741769230275E-6
91.0	25.1087110903645	24.746873247132363	24.749193138997718	25.395222523505424	0.0
92.0	25.71589019532956	24.631709288380634	24.527957382647443	25.124443133642366	0.0
93.0	25.401572023880238	24.701346855803372	24.593600620213813	25.30348050010258	0.0
94.0	25.102372557544843	24.710827517746253	24.797613390671113	25.389150838675594	3.569536219735774E-5
95.0	25.22625717427421	24.660436733241657	24.617142406390908	25.496163686093233	0.0
96.0	25.344096117613763	24.706922185318327	24.313683037535956	25.63529865953196	0.0
97.0	25.35616320017914	24.58551452477122	24.708418012501525	25.34990426254812	0.0
98.0	25.542645767217724	24.301627021008237	24.640933803698157	25.51479340807588	0.0
99.0	25.568512689443196	24.426255279470315	24.537647555163662	25.467584475922827	0.0
100.0	25.32202873022745	24.779284706738736	24.705615983049245	25.193070579984568	0.0
101.0	25.588873074710815	24.371424162471236	24.583447158197195	25.456255604620754	0.0
102.0	25.603422408881755	24.37584186884366	24.344817110267584	25.675918612007	0.0
103.0	25.518933993264632	24.57279571830688	24.799879670408554	25.10839061801994	0.0
104.0	25.961037379034074	24.256247621030735	24.649943950055548	25.132771049879643	0.0
105.0	25.748116895820445	24.728538452563576	24.181691248473314	25.341653403142665	0.0
106.0	25.46719342638552	24.747858036308905	24.722679167545355	25.06226936976022	0.0
107.0	25.65685195920999	24.332788212017796	24.93079616083504	25.079563667937173	0.0
108.0	25.327899083955018	24.708196096698156	24.46823422390186	25.495670595444963	0.0
109.0	25.250613758739576	24.865525886703594	24.82760999282132	25.05625036173551	0.0
110.0	25.76278227215294	24.511320742204187	24.445897917055174	25.2799990685877	0.0
111.0	25.778103312172835	24.731849331206554	24.330611523883306	25.15943583273731	0.0
112.0	25.508516270857672	24.739991973685736	24.74115380551085	25.010337949945736	0.0
113.0	25.74919855164782	24.307186865160674	24.670035874085013	25.2735787091065	0.0
114.0	25.55090263042607	24.618929790607037	24.529485532061663	25.30068204690523	0.0
115.0	25.468846502931868	24.796370722119104	24.735368205908074	24.99941456904095	0.0
116.0	25.48004671190649	24.565276671961072	24.74971432836332	25.20496228776911	0.0
117.0	25.494100969947535	24.566219475979565	24.31178273387207	25.627896820200824	0.0
118.0	25.44265555598414	24.716294828084003	24.660816182308885	25.180233433622973	0.0
119.0	25.58481857724116	24.2996052597036	24.62683178676785	25.488744376287393	0.0
120.0	25.583114670211373	24.50998948813748	24.45775510304306	25.449140738608094	0.0
121.0	24.981612378647544	24.705286830666417	24.73632777365364	25.576773017032394	0.0
122.0	25.38223850244646	24.381642870441254	24.5181166413698	25.71731095280058	6.910329419067976E-4
123.0	25.486266326396628	24.79417249989042	24.30844219226678	25.411118981446172	0.0
124.0	24.94768981891516	24.718205960872364	24.719483702863474	25.61121145982354	0.003409057525463067
125.0	25.528220024366238	24.649992835102466	24.675267255566308	25.146519012048618	8.729163660924646E-7
126.0	25.087173159529396	24.701115762835503	24.418169629019378	25.79354144861572	0.0
127.0	25.14526429593063	25.00761547757052	24.6786130494199	25.16819892532085	3.0825175810036715E-4
128.0	25.35578110277868	24.669989513139782	24.672164322366434	25.3020650617151	0.0
129.0	25.360685589408522	24.962145689784855	24.489300645348052	25.18767849923142	1.8957622715509273E-4
130.0	25.27645463741243	25.087415638205158	24.788568479694668	24.847561244687746	0.0
131.0	25.69572203672533	24.45144575551812	24.756786802214055	25.09590905004217	1.3635550032652772E-4
132.0	25.37543238378713	24.792756819518733	24.30387672616236	25.52793407053178	0.0
133.0	25.24724808760666	24.974100018500486	24.723986594564217	25.05451660971446	1.486896141738917E-4
134.0	25.334925354576797	24.756324426525676	24.543309820881245	25.363492405854064	0.001947992162210655
135.0	25.43735051346248	24.848835466918175	24.327900873501722	25.385913146117616	0.0
136.0	25.233987200084417	24.981602411025	24.972241257803844	24.812169131086733	0.0
137.0	25.531341186246838	24.83562538200007	24.70157347930835	24.93104239172883	4.1756071591591795E-4
138.0	25.275923727658796	24.725350357345928	24.563594703520156	25.435131211475127	0.0
139.0	25.075489179029596	24.694547187666025	24.96979813205146	25.259692646054887	4.7285519803610753E-4
140.0	25.27304954384253	24.560871659714188	24.783939022745745	25.38213977369754	0.0
141.0	25.151336195992013	24.68555607104537	24.431876111002712	25.731231621959903	0.0
