# Position (bp)	A	C	G	T	N
0.0	17.097099081447833	31.942270497614096	33.320327624714544	17.63858985943091	0.0017129367926114504
1.0	22.054623861666688	19.562403685659792	23.547592930953435	34.80083577319602	0.03454374852406962
2.0	25.171370581153884	22.938473785339898	24.841699681262863	27.048386356076854	6.959616650395663E-5
3.0	30.155292108353336	22.98890867363025	27.55781433019197	19.297195443375724	7.894444487166252E-4
4.0	33.391041930784446	18.66588863001683	26.285026888649444	21.65804255054928	0.0
5.0	35.68962478356886	20.7466176577167	20.469674665197925	23.093161524167584	9.213693489325319E-4
6.0	17.407523596946028	21.607684316529973	20.69218593276223	40.29260615376177	0.0
7.0	21.239668079393677	29.359855868182233	21.89642930877494	27.504046743649152	0.0
8.0	21.418020525723033	25.900527134923074	23.998098174122866	28.68335416523103	0.0
9.0	34.883742948356065	19.61747952941722	24.635579236011534	20.86319828621518	0.0
10.0	24.148558626547725	29.024262506231622	27.2461066099546	19.58107225726605	0.0
11.0	21.324152352233767	27.002463314421476	24.869541424149418	26.803842909195343	0.0
12.0	24.9949340177286	23.39257348667029	23.498870148042926	28.113586659060324	3.568849786123421E-5
13.0	25.251306155426175	23.800956333000347	23.618192854099473	27.329544657474003	0.0
14.0	25.43995264701846	24.139544795530743	23.693273239375976	26.727229318074823	0.0
15.0	25.65903804841461	23.982443956828668	24.270420237739224	26.088097757017497	0.0
16.0	25.85362995343138	23.722563819633578	24.46430394803	25.959492088389275	1.0190515768498385E-5
17.0	26.029364948653104	23.71342780123519	24.48061728028253	25.77658996982917	0.0
18.0	25.84853248719806	23.65830189545026	24.856320785157717	25.636844832193955	0.0
19.0	26.054042738396994	23.90297743639398	24.349047135293773	25.693932689915254	0.0
20.0	25.67472079827648	24.01206885749664	24.363610358739397	25.94959998548748	0.0
21.0	25.689781460097187	24.147090776614768	24.419014345757205	25.74411341753084	0.0
22.0	25.805583933964392	23.844053039653463	24.277245716557537	26.073117309824607	0.0
23.0	25.613313587571625	24.09390304735419	24.036863597634177	26.25502165271113	8.981147288819726E-4
24.0	25.68425676650992	24.124931455120397	24.453914295586813	25.736897482782872	0.0
25.0	26.16978197897511	23.66719714660733	24.277235503813344	25.885754827860897	3.054274332721487E-5
26.0	26.072799493348427	24.07737078772863	23.967961135130896	25.881868583792045	0.0
27.0	25.681063715419576	24.07617937901114	24.48684786915645	25.755895803326034	1.323308679685459E-5
28.0	26.194247641777824	23.970757169632602	24.181864799672496	25.653130388917084	0.0
29.0	25.802361287994145	24.161392235968805	24.0916371330099	25.944572702667244	3.664035990604191E-5
30.0	25.512907092684028	24.22141469514798	24.52671903790586	25.738959174262128	0.0
31.0	25.73806164051681	24.043562192481737	24.533468588943023	25.684660288328427	2.472897300005245E-4
32.0	25.908133945740047	24.135207393068537	24.21750220787244	25.73915645331898	0.0
33.0	25.739439666231522	24.230026661342382	24.726809486276547	25.303714010802576	1.0175346971954616E-5
34.0	25.679901269432975	24.059326452534396	24.725696732147043	25.535075545885583	0.0
35.0	26.03884485956982	24.14425394291129	24.20984382104646	25.606666694068696	3.9068240373371914E-4
36.0	25.91327496844388	24.311851079028543	24.672806406920444	25.10206754560713	0.0
37.0	26.133016212619488	24.006483005056914	24.53958554163605	25.32091117148987	4.069197683210437E-6
38.0	25.80874713775924	24.295607840243537	24.319607323572594	25.576037698424624	0.0
39.0	25.606972031105162	24.428290135395063	24.69280851476373	25.270172644092053	0.0017566746439903534
40.0	26.06629138888954	24.165289372202924	24.36519532729226	25.40322391161528	0.0
41.0	26.037710882084635	24.325638584857366	24.17974549467105	25.45690503838695	0.0
42.0	25.57565456000098	24.69010914400877	24.559000290850125	25.17523600514013	0.0
43.0	25.931452669756	24.38751877582138	24.465230241600484	25.21577085294024	2.745988190074333E-5
44.0	25.679144415047272	24.366562612658164	24.254960091702475	25.699332880592085	0.0
45.0	25.896194228661905	24.417055613889175	24.80531214831794	24.881438009130974	0.0
46.0	25.77770248455828	24.37242633762513	24.620126182649635	25.229744995166957	0.0
47.0	25.621708220857954	24.57679736538286	24.339288043321197	25.46220230288811	4.067549882245448E-6
48.0	25.584837483784913	24.48175557439961	24.63620912771549	25.297197814099988	0.0
49.0	25.75938180914021	24.346218061421975	24.67152697733133	25.22287315210649	0.0
50.0	25.650567376839145	24.592395267947182	24.390864822151975	25.36562345919323	5.490738684632336E-4
51.0	25.500031082998152	24.663263961273817	24.879976617288456	24.953869149993167	0.002859188446405865
52.0	25.46287694422246	24.417156991563047	24.60370274713238	25.51626331708211	0.0
53.0	25.574294431269283	24.59571704672956	24.397638906947034	25.432349615054118	0.0
54.0	25.49429760933764	24.938918643431446	24.805535619180606	24.76086788191434	3.8024613596723394E-4
55.0	25.793550142345346	24.51585807067918	24.58476863111581	25.105701154277305	1.2200158236052322E-4
56.0	25.637368701216435	24.83921296506358	24.466565626590718	25.056852707129266	0.0
57.0	25.466380859883873	24.846078232947775	24.760344737911293	24.92705587253803	1.4029671902092896E-4
58.0	25.469046559016828	24.64712125001534	24.645039191049335	25.2387929999185	0.0
59.0	25.69057350394171	24.596426776187748	24.55272129426621	25.160278425604332	0.0
60.0	25.492661160938322	24.701615755885655	24.8293875014887	24.976335581687316	0.0
61.0	25.690434559346148	24.429843186544346	24.610452958952102	25.26926116237542	8.132781979511815E-6
62.0	25.560033951672967	24.71176363822344	24.48633171090281	25.241612485289178	2.582139116018296E-4
63.0	25.20280481738092	24.861492206567977	24.945604522554746	24.990085237879878	1.3215616483297616E-5
64.0	25.53885476431435	24.541970502249328	24.95524300991109	24.963931723525235	0.0
65.0	25.42144376122743	24.720261617436854	24.66362419524164	25.194670426094078	0.0
66.0	25.40475813159898	24.867119520087833	25.114344880597795	24.61377746771539	0.0
67.0	25.536268167030517	24.633306744629117	24.9921393792711	24.83792381046215	3.618986071112222E-4
68.0	25.29120774950531	24.764278594675314	24.843898276052236	25.100615379767135	0.0
69.0	25.149472375810124	24.941759692302988	25.055253625251012	24.853514306635876	0.0
70.0	25.425198925423743	24.80096682261262	24.84554430146688	24.928289950496758	0.0
71.0	25.282163793592005	24.725797339528885	24.719127736718928	25.26729060982239	0.005620520337790325
72.0	25.071721424068265	25.021539731962626	25.09024119691448	24.816497647054625	0.0
73.0	25.23654324792895	24.595410860369775	25.017027828291504	25.15046809817906	5.499652307101602E-4
74.0	25.0757988637406	24.941845493538235	24.593802375411435	25.388534968780014	1.829852971618706E-5
75.0	25.051723251742096	25.083752041014417	25.01521433569001	24.849310371553475	0.0
76.0	25.077189501853635	24.8268858086194	24.81398090480882	25.28194378471815	0.0
77.0	25.10851401414503	24.947354365750847	24.76002236280487	25.18410925729925	0.0
78.0	24.98399816495618	24.906506766317413	25.20386568629303	24.901513913183564	0.0041154692498095325
79.0	25.032578824284258	24.57476468951291	25.207083893800945	25.185572592401883	0.0
80.0	24.985344383749663	24.942637768537264	24.87351149338071	25.198468735420764	3.761891160029569E-5
81.0	24.7345840458241	25.125242793538817	25.15544871796501	24.984724442672075	0.0
82.0	25.206844058871745	24.833982751009636	24.927692493921988	25.031467477878255	1.3218318372654186E-5
83.0	25.16361872767084	24.853682699532687	24.74871596260687	25.233982610189603	0.0
84.0	24.872691746491498	25.007147858780947	25.077754477474972	25.042218812509443	1.871047431367616E-4
85.0	24.972527690159225	24.931942469376693	25.10596266247143	24.98956717799265	0.0
86.0	24.98120596016101	25.057656377893007	24.807919024612467	25.15321863733352	0.0
87.0	24.911254283539073	25.261618899031696	25.121796055766048	24.705330761663184	0.0
88.0	25.270936791274075	24.835513850106675	25.003088812858863	24.89046054576038	0.0
89.0	25.045622916244287	25.08145585306409	24.844306499786555	25.02861371379077	1.0171143008742292E-6
90.0	24.994586875098378	25.225590270157834	25.296305968830346	24.48351688591344	0.0
91.0	25.390335118162955	24.880635295600882	24.890936751896408	24.838092834339758	0.0
92.0	25.208638303800317	25.03795758845667	24.616078766311894	25.137325341431115	0.0
93.0	25.03818682285166	25.220949055702864	25.000352512531286	24.740511608914197	0.0
94.0	25.058934778831194	24.960325478147162	25.18058252324455	24.8001572197771	0.0
95.0	25.096537997802614	25.111555104473695	24.753428805122326	25.03847809260137	0.0
96.0	24.871884709232543	25.14714263150636	25.12163852603121	24.85933413322989	0.0
97.0	25.105532648857633	25.103053682066566	24.895603035435812	24.89581063363999	0.0
98.0	24.863765627570857	25.056657270357473	24.727006365730546	25.35256259457614	8.141764981786415E-6
99.0	24.783316083735713	25.160705123829217	25.15387157784409	24.90210721459098	0.0
100.0	25.27423695356557	24.98992360260087	24.952814203405985	24.78302524042757	0.0
101.0	24.99259261249991	25.079978712655603	24.990439568514105	24.936989106330383	0.0
102.0	24.760330319363764	25.131199965629484	25.240205192777754	24.86823703396318	2.748826581926791E-5
103.0	24.940775823727332	25.038402321686675	25.02262454864685	24.998197305939144	0.0
104.0	24.98900631496005	25.079465873651614	24.774911394997183	25.15661641639115	0.0
105.0	24.983548345947064	25.02378205770969	25.166800290209846	24.825869306133402	0.0
106.0	25.185540946464386	24.73637560152481	25.05378056385145	25.024302888159355	0.0
107.0	25.199959283441125	24.873285601082785	24.95129002031458	24.97546509516151	0.0
108.0	24.904809242567268	25.182436302296647	25.1742679840024	24.738486471133687	0.0
109.0	25.18343111248627	24.794302996719818	24.99657633973779	25.025689551056125	0.0
110.0	25.14486741575594	24.823315724305182	24.778951363129824	25.252865496809058	0.0
111.0	25.03273994789329	24.995331308908973	25.239376154433497	24.732552588764243	0.0
112.0	25.41241725380141	24.72075468901793	25.054408497742227	24.812419559438432	0.0
113.0	25.266142996328906	25.139469014409176	24.611387205799375	24.983000783462543	0.0
114.0	25.01335707516632	25.1698235579337	25.110842490614665	24.705976876285305	0.0
115.0	25.193397358220064	24.76317811014868	25.27609390125003	24.767330630381228	0.0
116.0	24.904885829643472	25.118051643370144	24.865318204222596	25.11174432276379	0.0
117.0	24.849769339315408	25.239264114973803	25.239589533001567	24.671377012709225	0.0
118.0	25.23595480717994	24.93274314371046	24.897715114655245	24.933586934454354	0.0
119.0	25.283498231626762	25.133929370507214	24.742617079734064	24.839955318131963	0.0
120.0	24.994026398978573	25.196438845789025	25.157103410306114	24.65243134492629	0.0
121.0	25.29007775936468	24.745096174379896	25.071708210750153	24.893117855505267	0.0
122.0	25.099057192452072	25.021712333448836	24.89026303725887	24.988967436840223	0.0
123.0	24.99495741694491	25.23003181793563	25.115172556124847	24.659838208994607	0.0
124.0	25.102718980332877	24.92894988316539	25.128633304860642	24.83969783164109	0.0
125.0	25.08287354917707	25.014761578725874	24.713515526237956	25.188849345859104	0.0
126.0	24.95148967638334	25.11571974062523	25.103708166668316	24.829082416323114	0.0
127.0	25.103524438163294	24.78205864369928	25.052525027502764	25.061891890634662	0.0
128.0	25.083586709909984	24.960481271608952	24.855847938343114	25.100084080137954	0.0
129.0	24.618924396856585	25.137630937436683	25.203487230775906	25.039957434930827	0.0
130.0	25.000307494723934	24.811059585478283	24.96409986307122	25.223962068187618	5.709885389502288E-4
131.0	25.11678769303171	25.172506726045984	24.714811013403143	24.995894567519162	0.0
132.0	24.611973946443985	25.156311076013406	25.135750983416294	25.092741592044387	0.003222402081931831
133.0	25.104478621901915	25.031367888867507	25.080181446633944	24.783968969598078	3.0729985583437E-6
134.0	24.809931767592957	25.061572712611692	24.833760746557996	25.294734773237355	0.0
135.0	24.811736485319425	25.353297690632786	25.110018427137653	24.72467676085174	2.7063605839821773E-4
136.0	25.006471411498744	25.0458290799101	25.057560692609638	24.890138815981526	0.0
137.0	24.953715025496418	25.29762820274591	24.874609012809454	24.87387230298794	1.7545596027693477E-4
138.0	24.820089768871707	25.446092918012287	25.185960269270684	24.54785704384532	0.0
139.0	25.177425736631292	24.906054680512888	25.1290655882407	24.787358473975406	9.552063971466567E-5
140.0	25.017812916216435	25.181256718799943	24.732901833116617	25.068028531867004	0.0
141.0	24.862621458469416	25.38707978678567	25.125778197661447	24.624375559212314	1.4499787115359596E-4
142.0	25.010836356332128	25.12971360915642	24.937020272390086	24.920700638443925	0.0017291236774442465
143.0	25.025318340996076	25.226722477601292	24.722573871571	25.025385309831627	0.0
144.0	24.834702225751556	25.396592642861034	25.30674376798166	24.461961363405752	0.0
145.0	25.089911252370616	25.208040465495458	25.102695821597965	24.59897863064417	3.7382989178512735E-4
146.0	24.897506854719463	25.133041087354474	24.980778236029092	24.988673821896974	0.0
147.0	24.6870792280851	25.123581759243073	25.34774284671823	24.841222336322527	3.738296310703331E-4
148.0	24.943950526723317	24.958333604355925	25.154792704885487	24.942923164035275	0.0
149.0	24.810092661191113	25.101046377630514	24.834604133691705	25.25425682748667	0.0
