# Position (bp)	A	C	G	T	N
0.0	16.787539701330612	32.25814511937613	33.55112299261432	17.4016729182041	0.0015192684748397917
1.0	21.733647682289526	19.867512445469607	23.904617327440373	34.46557586301194	0.02864668178855365
2.0	24.82891973618332	23.44268571699964	25.151829242624224	26.5762484065415	3.16897651320213E-4
3.0	29.79224973868918	23.41313285919866	27.8217035823988	18.972913819713362	0.0
4.0	33.00017140936854	19.059907150655565	26.597592022488957	21.342329417486937	0.0
5.0	35.35657076567551	21.129937284640988	20.828188618508317	22.684598225098	7.051060771888705E-4
6.0	17.25613676212145	22.040300129326415	21.013909168605014	39.68965393994712	0.0
7.0	21.005956589443294	29.747651975257888	22.05360549138238	27.192785943916437	0.0
8.0	21.132834904586215	26.213582820509075	24.166951753099593	28.48663052180512	0.0
9.0	34.40404574980375	19.959585880849165	24.99684290175153	20.639525467595554	0.0
10.0	23.67860780563952	29.42714800036066	27.572077809215152	19.322166384784666	0.0
11.0	21.011831202408136	27.332869655486896	25.17112011088818	26.484179031216787	0.0
12.0	24.669727241530634	23.70706257528657	23.927647144718854	27.69556201975285	1.0187110945319277E-6
13.0	24.830300241176708	24.250847487873177	24.014927569271613	26.903924701678505	0.0
14.0	25.064571665133112	24.5785281862302	24.053722052968432	26.303144488196395	3.360747185756135E-5
15.0	25.30026624088165	24.410744135133303	24.641856612631873	25.64713301135317	0.0
16.0	25.508941590864616	24.086893370640613	24.871002969500463	25.532343486270513	8.185827237912516E-4
17.0	25.67444275098991	24.09920596761279	24.88603590766542	25.340315373731876	0.0
18.0	25.44036950061327	24.080871784707377	25.285051671226604	25.193707043452758	0.0
19.0	25.6728136787605	24.320447947885164	24.735221519761968	25.230545141579885	0.04097171201247747
20.0	25.31756257570067	24.361772148381885	24.74127703629872	25.579383151139485	5.088479240302262E-6
21.0	25.26957581728754	24.59483605556872	24.85957901612633	25.276009111017412	0.0
22.0	25.340271527347713	24.297152285946368	24.735842044783762	25.626734141922153	0.0
23.0	25.22653332853378	24.5566879528619	24.45909098206839	25.757563610078428	1.2412645751168656E-4
24.0	25.286816418254414	24.605083561216677	24.867387422996128	25.240712597532784	0.0
25.0	25.81421505215201	24.127471488569764	24.691327971541437	25.366967177042017	1.8310694770219396E-5
26.0	25.683442126662293	24.516331734516537	24.382314389516985	25.417911749304185	0.0
27.0	25.23314575188206	24.560196159648864	24.893002736807667	25.31362890671676	2.6444944656223247E-5
28.0	25.73116619956568	24.42565689225612	24.579066264991315	25.264110643186882	0.0
29.0	25.402711280821812	24.584449768777365	24.466957278792982	25.545705732883995	1.759387238578574E-4
30.0	25.103501101388414	24.682928361108353	24.910790289241334	25.302780248261904	0.0
31.0	25.34972125888315	24.49341920894409	24.872853800782227	25.282323820636606	0.0016819107539309348
32.0	25.498651228784464	24.57368003464441	24.610264343621175	25.31740439294995	0.0
33.0	25.253822261382346	24.71212762039419	25.138381191381086	24.895396432353706	2.724944886718703E-4
34.0	25.29329920439777	24.503965983525717	25.06943977536157	25.133295036714948	0.0
35.0	25.592122415805633	24.62908211579588	24.602947058845356	25.17567049556214	1.7791399098850385E-4
36.0	25.47314773422053	24.78406346607326	25.098193356905963	24.64459544280025	0.0
37.0	25.702705236690992	24.45326341849644	24.939708944104886	24.90432240070768	0.0
38.0	25.459096994811404	24.710272220196966	24.67784901986374	25.15278176512789	0.0
39.0	25.2510787526675	24.858967411232975	25.091328370009713	24.796807025260016	0.001818440829800596
40.0	25.61300296752228	24.599425962037856	24.807302342157094	24.98026872828277	0.0
41.0	25.596568089798126	24.787665685153588	24.59969234628055	25.01607387876774	0.0
42.0	25.179237872848496	25.10085573242668	24.96013051432856	24.716689638271518	0.0430862421247399
43.0	25.527491655367175	24.770682668327908	24.89463968577527	24.807183957880916	2.032648729110774E-6
44.0	25.24733278853852	24.80949890595393	24.642168055285687	25.30100025022186	0.0
45.0	25.47004487340871	24.885562406332923	25.21950244543934	24.403137159939135	0.021753114879891757
46.0	25.43203695595868	24.757631013791475	24.99899926578272	24.811316504759098	1.6259708023813276E-5
47.0	25.24324399907558	24.962756814574636	24.770297868862	25.023439138144553	2.621793432309897E-4
48.0	25.185883366237622	24.97289810079154	25.035242910072746	24.805975622898092	0.0
49.0	25.370168024262817	24.80301580743915	25.03468528717981	24.792130881118222	0.0
50.0	25.246013779570063	25.025393726860614	24.75097188549673	24.976715240661342	9.053674112543062E-4
51.0	25.079822778849824	25.10594687450243	25.295313544525634	24.518214672596798	7.021295253187806E-4
52.0	25.036439108813962	24.853254412497925	25.046596843796554	25.063709634891563	0.0
53.0	25.153908180189905	25.03967192753647	24.82499848607576	24.98138177999287	3.9626204992251557E-5
54.0	25.027096926481	25.369414801387407	25.216603955719957	24.386878220193744	6.096217887118142E-6
55.0	25.367842944570356	24.916492838937653	24.98179628573819	24.733782585364818	8.534538897913656E-5
56.0	25.162736555988126	25.288141884814934	24.88505688385553	24.664064675341415	0.0
57.0	25.050199992772292	25.301151951419087	25.22696992497176	24.4210888604768	5.892703600554675E-4
58.0	25.099021783375058	25.089126183477934	25.033616338346615	24.778235694800397	0.0
59.0	25.24199452777337	25.06642271877853	24.919029690860807	24.772553062587292	0.0
60.0	25.048101013968214	25.161450371930847	25.24854434122971	24.541904272871218	0.0
61.0	25.24663285557184	24.896525929563396	25.05239168684128	24.804377395701106	7.213232237682301E-5
62.0	25.102992625258057	25.16778533035695	24.93848421522061	24.790117088716325	6.207404480591926E-4
63.0	24.760206298656538	25.314829810801193	25.412075324513722	24.51267217139398	2.1639463456716746E-4
64.0	25.12377481137202	24.992387097563345	25.34712488303296	24.536713208031674	0.0
65.0	24.978297423432846	25.13478130825953	25.10907418483127	24.777844035682715	3.0477936407196448E-6
66.0	24.92460802267355	25.316724531186047	25.557929078184806	24.200738367955598	0.0
67.0	25.07658255449881	25.057649689639085	25.419518749454	24.44624900640811	0.0
68.0	24.84430798452086	25.21689274699048	25.27058371260597	24.668215555882686	0.0
69.0	24.702772818609795	25.392227151420162	25.475520516224414	24.429479513745637	0.0
70.0	24.985746029254635	25.248721287543248	25.23995703719168	24.525575646010438	0.0
71.0	24.84645344984565	25.16718884496825	25.140095248483757	24.843633253218822	0.0026292034835158134
72.0	24.556309934290578	25.496406904014147	25.530160309985167	24.417122851710104	0.0
73.0	24.79699558907119	25.049550829866234	25.459429885640507	24.694023695422068	0.0
74.0	24.603288083961942	25.379129763720904	25.045684539653617	24.971888469050292	9.14361324710432E-6
75.0	24.54222497418855	25.577365236369694	25.46783769006378	24.41257209937798	0.0
76.0	24.629601671099767	25.2993064854683	25.26954814876527	24.801543694666663	0.0
77.0	24.67490172293329	25.423140644390642	25.16759873142847	24.734358901247603	0.0
78.0	24.554071371400894	25.40366989488786	25.6259261545355	24.411173115107715	0.0051594640680362415
79.0	24.549803811035538	25.03667270994587	25.64793466877509	24.765588810243504	0.0
80.0	24.550454482262076	25.407819181173714	25.31269451417914	24.72902877407119	3.0483138851246163E-6
81.0	24.309790708798758	25.600625127493444	25.59280290472928	24.496781258978523	0.0
82.0	24.750763938185088	25.279861875785453	25.376546305867954	24.59067360156046	0.0021542786010435872
83.0	24.677633501119185	25.335040143641486	25.201135361019617	24.786190994219716	0.0
84.0	24.400907588604994	25.53194419189217	25.538434981500334	24.5281512516782	5.619863243016169E-4
85.0	24.58020895897932	25.40404710799403	25.556207802354376	24.459536130672276	0.0
86.0	24.564800911619017	25.556057516069906	25.229445530011695	24.649696042299382	0.0
87.0	24.425418768122558	25.748957629294917	25.569279758447962	24.256343844134566	0.0
88.0	24.799580302195796	25.29135750851856	25.432258641719503	24.47656163626931	2.4191129683980803E-4
89.0	24.593050687337	25.55988213684946	25.221644466397375	24.625422709416167	0.0
90.0	24.472557999659035	25.719253369135046	25.723178228600226	24.0850104026057	0.0
91.0	24.934876048745366	25.366856479176302	25.278191959067257	24.42007551301107	0.0
92.0	24.772484612327833	25.492149260346302	25.073422880073988	24.661943247251873	0.0
93.0	24.553623000090795	25.688099111088203	25.47585793475457	24.282419954066434	0.0
94.0	24.618128165674662	25.43761329076589	25.581708733040347	24.36254981051911	0.0
95.0	24.622201465598078	25.556955253792708	25.167361128680216	24.653299116900733	1.8303502826752302E-4
96.0	24.402843860949282	25.63466734123408	25.56740822472247	24.395025658561266	5.491453290232204E-5
97.0	24.68580331806032	25.540412719697358	25.332434292606738	24.44134966963559	0.0
98.0	24.435040789887456	25.54812221764733	25.108419796080163	24.90841719638506	0.0
99.0	24.353252799273243	25.64812700864915	25.588815103042865	24.409805089034737	0.0
100.0	24.747707960061668	25.445133581884516	25.42328457526459	24.383873882789224	0.0
101.0	24.545750684007313	25.516310546885073	25.408459936233346	24.52947883287426	0.0
102.0	24.326569586051754	25.63995502400429	25.693275727641407	24.339989045268815	2.1061703373501868E-4
103.0	24.526882439957408	25.523201813603748	25.496163704309094	24.453752042129754	0.0
104.0	24.592083661122174	25.553662497476896	25.231649715681364	24.622604125719562	0.0
105.0	24.52617153390159	25.519495148052446	25.666290507882756	24.288042810163212	0.0
106.0	24.709646226895007	25.220373058989104	25.5510394022004	24.51894131191549	0.0
107.0	24.729766005157174	25.35241569506467	25.435117616392905	24.48270068338525	0.0
108.0	24.445046548128786	25.68871624616158	25.675578728865833	24.190658476843797	0.0
109.0	24.737386795435718	25.247132812941537	25.48299748527647	24.532482906346278	0.0
110.0	24.6877746083562	25.2902806569329	25.23246885384526	24.76789677291305	0.021579107952593834
111.0	24.56425356401745	25.495231271515607	25.687867896768275	24.25264726769867	0.0
112.0	24.928062754804063	25.16780738797505	25.53216772148546	24.37196213573543	0.0
113.0	24.823721774621255	25.584232110031074	25.0811932905605	24.51085282478717	0.0
114.0	24.5377562113193	25.641313839600542	25.59018619993576	24.230743749144395	0.0
115.0	24.72354768017914	25.235763060753726	25.71998756622516	24.320701692841972	0.0
116.0	24.498456689040307	25.564996537269852	25.31105721594865	24.625489557741194	0.0
117.0	24.368862664074793	25.684452750382107	25.76775843598546	24.178926149557636	0.0
118.0	24.755107459298156	25.366184433293814	25.39545195713575	24.48325615027228	0.0
119.0	24.71505047030354	25.59836723498697	25.237570406391203	24.44901188831829	0.0
120.0	24.46886660218143	25.652774274981333	25.66265296019669	24.215706162640544	0.0
121.0	24.784993441026188	25.231355135047483	25.567967718861684	24.415683705064644	0.0
122.0	24.60993042095767	25.44213302573774	25.380414513986626	24.567522039317964	0.0
123.0	24.521768152672337	25.671592793583976	25.596868389408357	24.20977066433533	0.0
124.0	24.63102228825851	25.387915279515997	25.61218898562053	24.36887344660496	0.0
125.0	24.611168924345403	25.473040891161848	25.20605459077859	24.709735593714164	0.0
126.0	24.433648321586098	25.603309366758086	25.605022031397045	24.358020280258767	0.0
127.0	24.586817216606143	25.27571235237766	25.573379342063422	24.564090066772785	1.0221799871080616E-6
128.0	24.562849161082926	25.46668214730337	25.33363762907198	24.636831062541724	0.0
129.0	24.12526423147254	25.65709487228311	25.716158016905418	24.50147265089189	1.0228447045979488E-5
130.0	24.525056431777926	25.30076884981616	25.48952160911776	24.683026221411396	0.0016268878767599893
131.0	24.676660232210942	25.61080014943684	25.184607915560715	24.527931702791506	0.0
132.0	24.168698082572615	25.675507524944212	25.639198950040264	24.514239311958292	0.0023561304846155943
133.0	24.63729117120216	25.45380455534461	25.615469673589992	24.293434599863236	0.0
134.0	24.374068186475906	25.539766508008952	25.31490457489607	24.749550312001826	0.02171041861724812
135.0	24.33404504341193	25.834608335455016	25.555440874768863	24.21131245113429	0.06459329522989864
136.0	24.555970494908134	25.511038088732796	25.54309171521203	24.38989970114704	0.0
137.0	24.45433013021734	25.74761500695308	25.375213748771735	24.42277030148688	7.081257096779418E-5
138.0	24.29453742285146	25.929484952411563	25.66837443234818	24.107603192388797	0.0
139.0	24.61687737447876	25.38603018723033	25.6350962383405	24.361996199950408	0.0
140.0	24.56184407508262	25.675790137006416	25.170824311429605	24.591541476481353	0.0
141.0	24.40156638573591	25.828022035665693	25.619165940560308	24.151245638038088	0.0
142.0	24.537447949782663	25.577514818865566	25.447260507479886	24.434995694552704	0.002781029319184357
143.0	24.588207552337703	25.70175731250217	25.159917753594947	24.550117381565176	0.0
144.0	24.371261620312538	25.880054402527296	25.775907362871507	23.97277661428866	0.0
145.0	24.619223815392395	25.661510582449164	25.549657347382045	24.16892949231471	6.787624616836266E-4
146.0	24.411596430610334	25.629866968979854	25.441096472565317	24.517440127844498	0.0
147.0	24.243570597960503	25.59477368043566	25.831229972014512	24.330101462175683	3.242874136346467E-4
148.0	24.525704903255892	25.433846897840763	25.587533446364002	24.45291475253934	0.0
149.0	24.381871982722114	25.57461463538579	25.283162530702125	24.760350851189973	0.0
