# Position (bp)	A	C	G	T	N
0.0	17.228094545827165	31.98147256074376	33.177505140790906	17.611048744258387	0.001879008379783674
1.0	22.23287200117377	19.449530597467458	23.291452594357352	34.991752346117075	0.03439246088434042
2.0	25.400016549864908	23.007915262075734	24.5605932184425	27.031413658682396	6.131093445977598E-5
3.0	30.308026936387073	23.01872272546234	27.264918223136476	19.40746936224529	8.627527688212298E-4
4.0	33.522011402332126	18.6865049030473	26.021913270676205	21.769570423944366	0.0
5.0	35.66364966014553	20.8118099682125	20.346806452750922	23.176812944144025	9.209747470254225E-4
6.0	17.306784643685162	21.697323349190285	20.56033897955346	40.43555302757109	0.0
7.0	21.19505877998698	29.40405863304746	21.748008158251807	27.65287442871376	0.0
8.0	21.459573784736524	25.850906117868394	23.925057251564034	28.764462845831044	0.0
9.0	34.867124479039994	19.554732347844027	24.621963024413972	20.956180148702007	0.0
10.0	24.18997690411877	29.079946776647365	27.15797608020869	19.57210023902518	0.0
11.0	21.352601199979134	26.99839816979543	24.75185439744584	26.8971462327796	0.0
12.0	25.054604373762235	23.35371109273561	23.465342968205892	28.126292695488953	4.886980731062588E-5
13.0	25.348894257703098	23.745393703250546	23.530728227163344	27.374983811883013	0.0
14.0	25.52948193556288	24.03584132484264	23.608985375244842	26.82569136434964	0.0
15.0	25.673248650436488	23.978308799850087	24.267075199215537	26.081367350497892	0.0
16.0	25.87083804922753	23.730935840948185	24.43303880322182	25.96517713143316	1.0175169304387677E-5
17.0	26.13696789367025	23.688451897173714	24.449979809995217	25.724600399160817	0.0
18.0	25.934802342145474	23.62707816266641	24.815262363724372	25.622857131463743	0.0
19.0	26.154393841250055	23.82774986558702	24.294333636196953	25.72352265696597	0.0
20.0	25.721389972548437	23.96564894214851	24.264233029574164	26.04872602163185	2.0340970398131577E-6
21.0	25.771042672877154	24.072431778771396	24.354187325112953	25.802338223238504	0.0
22.0	25.899980930962553	23.798024513612184	24.22886802530991	26.07312653011536	0.0
23.0	25.676221609314542	24.062352572378177	23.97923007101884	26.28129794455945	8.978027289888311E-4
24.0	25.805231149312206	24.06566035480759	24.42114220130913	25.707966294571072	0.0
25.0	26.231798567417353	23.63331354241602	24.227150853268302	25.907697390002127	3.9646896203083844E-5
26.0	26.18677485159476	24.074307493876418	23.87634506306919	25.86257259145963	0.0
27.0	25.720752885572935	24.014993587163953	24.50291982649849	25.7613154050934	1.829567121979517E-5
28.0	26.32571411316648	23.97224163485844	24.149123751245707	25.55292050072937	0.0
29.0	25.8475649533301	24.111923202165137	24.113261655579066	25.92722681426471	2.3374660987382877E-5
30.0	25.59283096011118	24.16995047972811	24.49320034366791	25.744018216492798	0.0
31.0	25.73954364500007	24.052654087121063	24.489131778447014	25.718364622150514	3.0586728134134896E-4
32.0	25.9640627158768	24.079545382840067	24.2146805468109	25.74171135447223	0.0
33.0	25.86703318937067	24.18895202652094	24.700378937219835	25.2436236542117	1.219267684865595E-5
34.0	25.708090375165455	24.109227326021543	24.71275444453911	25.469927854273887	0.0
35.0	26.137928210184747	24.103667626287955	24.17668385739656	25.581323075726775	3.972304039663547E-4
36.0	26.03639168365633	24.32321536226216	24.670430642603357	24.969962311478152	0.0
37.0	26.263641343005496	23.963757927879627	24.533652122791576	25.238943527124835	5.079198468755753E-6
38.0	25.878180233771698	24.267437092097307	24.38657766327299	25.467805010858	0.0
39.0	25.667751381601956	24.467365414002785	24.6744720108839	25.188683426091895	0.0017277674194684405
40.0	26.257728291361254	24.111689083724084	24.324834259466797	25.305748365447865	0.0
41.0	26.179203628918096	24.3375339910182	24.176528274824204	25.3067341052395	0.0
42.0	25.665132382568963	24.68431188001618	24.537103847429904	25.11345188998496	0.0
43.0	26.10985090434982	24.39926892593369	24.406050054089576	25.084791523014978	3.859261194005446E-5
44.0	25.79958815107835	24.342825610532174	24.22473303189359	25.632853206495888	0.0
45.0	26.072252418963615	24.39591233510736	24.755207351126813	24.77662789480221	0.0
46.0	25.906336441087458	24.37010494350598	24.62584903311903	25.097709582287532	0.0
47.0	25.69946012287831	24.557097729256057	24.30400970194296	25.439429399544427	3.046378245187428E-6
48.0	25.693180999840255	24.44895943748288	24.609442541737995	25.248417020938867	0.0
49.0	25.815652604585154	24.430640989441912	24.644757988004702	25.108948417968236	0.0
50.0	25.779041069950804	24.562392742995833	24.369240147012697	25.288771639919723	5.544001209445188E-4
51.0	25.559539323720582	24.743324723803287	24.840672993490212	24.853543780103525	0.0029191788823980003
52.0	25.477522738538603	24.359730122531396	24.60858256373442	25.554164575195582	0.0
53.0	25.62692988380696	24.571661653519506	24.38232524301599	25.41908321965754	0.0
54.0	25.569760533600377	24.894870202784176	24.85261563089798	24.682348529776853	4.051029406168636E-4
55.0	25.905666915941133	24.547686745155314	24.553877911120907	24.992632380514788	1.3604726785663288E-4
56.0	25.791356210460208	24.785282765612397	24.49675007307838	24.926610950849014	0.0
57.0	25.56488297022955	24.828148640536128	24.76704692763635	24.83979658603824	1.248755597280462E-4
58.0	25.53043603726647	24.621281149714143	24.624622298418323	25.223660514601065	0.0
59.0	25.735571580784473	24.550332186969026	24.602268174324003	25.111828057922498	0.0
60.0	25.523375194577387	24.67870061697863	24.878896238010842	24.919027950433144	0.0
61.0	25.758895842581502	24.447411755167657	24.598173984463298	25.19551029608068	8.121706863599648E-6
62.0	25.686691061931892	24.720781784708905	24.440384150555634	25.15188209413339	2.6090867017886283E-4
63.0	25.224542088816364	24.858498619247026	24.953596480969985	24.963355704489494	7.106477128529238E-6
64.0	25.581827945913645	24.543655945836406	24.977079119073924	24.897436989176025	0.0
65.0	25.45924064268051	24.73041285341526	24.669400898603012	25.14094560530122	0.0
66.0	25.435286136674822	24.83687045688475	25.17066594359455	24.557177462845882	0.0
67.0	25.61547795652599	24.65414822889528	25.035922594989156	24.69401975353136	4.3146605821492337E-4
68.0	25.354895162400513	24.772091468790343	24.855559724721353	25.01745364408779	0.0
69.0	25.15659569210515	24.914536567725698	25.098647654070955	24.8302200860982	0.0
70.0	25.42339726876784	24.742471942252436	24.926567797211984	24.907562991767744	0.0
71.0	25.273884541238047	24.703160591915463	24.7734185961721	25.243913924746796	0.005622345927594642
72.0	25.018741259269472	25.04223718761484	25.18057919945657	24.758440323159324	2.030499792193575E-6
73.0	25.208939862137335	24.580361833752022	25.0689234123797	25.141213449230225	5.614425007140371E-4
74.0	24.975901807361655	24.931319351438827	24.66489270234103	25.427866848323937	1.929053454792089E-5
75.0	25.07066528657183	25.068451903936513	25.0318590032212	24.829023806270456	0.0
76.0	24.984023813232476	24.83348482437658	24.813205355156683	25.369286007234265	0.0
77.0	25.0893470938323	24.943493248188954	24.83881192917022	25.12834772880853	0.0
78.0	24.96401668840944	24.886256099149485	25.235748214258223	24.90979243629308	0.004186561889772811
79.0	24.966474317800692	24.560663808152135	25.219251884052408	25.253609989994768	0.0
80.0	24.928904436147896	24.92731313849676	24.970012112547458	25.17373477010349	3.554270439685188E-5
81.0	24.586904513310973	25.13096975495245	25.197254129492464	25.084871602244114	0.0
82.0	25.14914437798969	24.90665079820541	24.914771630585044	25.029416943430206	1.6249789654090017E-5
83.0	25.147775405029233	24.80367337388958	24.74776461451476	25.300786606566426	0.0
84.0	24.79816045823182	25.035088408039748	25.06293892251856	25.103653756114554	1.5845509532419838E-4
85.0	24.868040289918447	25.003124629102665	25.159083847370034	24.969751233608854	0.0
86.0	24.91496514846526	25.071523630343634	24.867419872210668	25.146091348980438	0.0
87.0	24.87616474408369	25.29594310294706	25.168606358321497	24.65928579464775	0.0
88.0	25.250782022441225	24.891633684789603	25.01168136369237	24.8459029290768	0.0
89.0	24.98932054915342	25.14812530420177	24.891880467375852	24.97067266314614	1.0161228207975953E-6
90.0	24.980897739091052	25.278840166202833	25.33574198811189	24.404520106594223	0.0
91.0	25.384045838446585	24.91747461450999	24.880145664413185	24.818333882630238	0.0
92.0	25.238185340353986	24.99792144311247	24.614071445925887	25.149821770607655	0.0
93.0	25.032999772035396	25.174912972230867	25.075914164384294	24.71617309134944	0.0
94.0	24.978163257442787	25.00431509363738	25.20974689629939	24.807774752620446	0.0
95.0	25.079853371832016	25.108409853285508	24.76383380087124	25.047902974011233	0.0
96.0	24.798599114832236	25.207583474102478	25.095193565877317	24.898623845187974	0.0
97.0	25.07891304944545	25.05841421192257	24.8849093906328	24.977763347999183	0.0
98.0	24.772616040526398	25.07236889462927	24.72032134835577	25.43468354499649	1.017149206827557E-5
99.0	24.70772896454499	25.1776322134871	25.2055489098292	24.909089912138704	0.0
100.0	25.256559178629693	25.024421622588367	24.91841034794902	24.80060885083292	0.0
101.0	24.93668117002694	25.125844683128857	25.009715428833672	24.927758718010534	0.0
102.0	24.685716988948272	25.144308014134086	25.247836990430976	24.922118668592937	1.93378937243507E-5
103.0	24.853258955851455	25.053651956477186	25.032746065125338	25.06034302254602	0.0
104.0	24.955640139995072	25.123907049573774	24.710780717652916	25.209672092778234	0.0
105.0	24.952473393262295	25.04617780336459	25.118881818479828	24.882466984893288	0.0
106.0	25.16743719383239	24.744787438343778	25.036292331143322	25.0514830366805	0.0
107.0	25.190064181395076	24.84951522511269	24.974399713862795	24.98602087962944	0.0
108.0	24.907673714695697	25.208290070393467	25.116114342412637	24.767921872498196	0.0
109.0	25.16629523724374	24.763875990476762	24.969108022667612	25.100720749611888	0.0
110.0	25.159492107490966	24.80044071802	24.744316191221518	25.295750983267517	0.0
111.0	25.122797770495588	24.959527651213666	25.1800519339907	24.73762264430005	0.0
112.0	25.525909731961537	24.65151725566999	25.021073640005486	24.80149937236299	0.0
113.0	25.331592431744898	25.076989094439373	24.598267685177962	24.993150788637767	0.0
114.0	25.08744486533665	25.128496032821012	25.126807977951433	24.65725112389091	0.0
115.0	25.24351517446745	24.760309115322325	25.282249125058442	24.713926585151782	0.0
116.0	24.95453287593987	25.10364073789775	24.8610874557591	25.080738930403278	0.0
117.0	24.84331586499046	25.239393458491318	25.257244031501962	24.66004664501627	0.0
118.0	25.321458036654015	24.913094792902147	24.842033289533244	24.92341388091059	0.0
119.0	25.3397892389143	25.155398027490307	24.75192028475269	24.7528924488427	0.0
120.0	25.06292332196362	25.156780117559673	25.156112341491642	24.624184218985064	0.0
121.0	25.348270888463066	24.72705251912292	25.053254464504477	24.871422127909536	0.0
122.0	25.143501915044098	24.99892950260925	24.904714474602542	24.95285410774411	0.0
123.0	25.088096387819782	25.221427089199516	25.05823094958743	24.632245573393273	0.0
124.0	25.112098051072696	24.96744027153642	25.069016606831497	24.851445070559386	0.0
125.0	25.08651799072903	24.939224567457185	24.697848503779518	25.276408938034265	0.0
126.0	24.926499025326702	25.12277570043337	25.09602868726605	24.854696586973883	0.0
127.0	25.11007540496035	24.717172419636185	25.008734026680685	25.164018148722782	0.0
128.0	25.093858788267603	24.929514636425097	24.832180699011897	25.144445876295407	0.0
129.0	24.521128232507518	25.14087586439634	25.160229051873916	25.177766851222227	0.0
130.0	24.904830569982014	24.801513813828578	24.930216961181166	25.36288181874641	5.568362618348895E-4
131.0	25.09831340855449	25.154750812394028	24.700779322812217	25.046156456239267	0.0
132.0	24.561481790518133	25.13809652531257	25.17001393133571	25.127100809218874	0.0033069436147084626
133.0	25.097146689017347	25.027168898518248	25.047555285969388	24.828127067991716	2.0585033019782454E-6
134.0	24.714712554649775	25.05738706598865	24.849693871449226	25.37820650791235	0.0
135.0	24.823468316529112	25.387839541474865	25.10400181013687	24.684401752144716	2.8857971443120264E-4
136.0	25.061292923302066	25.03030042742807	25.03143393446543	24.87697271480443	0.0
137.0	24.96711225055158	25.307991669183433	24.888131280437108	24.836576939135995	1.8786069188328993E-4
138.0	24.90285800187033	25.499511343275945	25.11396704530375	24.483663609549982	0.0
139.0	25.267898061374535	24.880932902538014	25.134031615471596	24.717028858458054	1.0856215780626276E-4
140.0	24.98303811286185	25.20896203599481	24.71183316157313	25.09616668957021	0.0
141.0	24.90886981918041	25.346240197234305	25.15805432011205	24.58673310647449	1.0255699874546892E-4
142.0	24.97703708720608	25.170517359599003	24.915470702912486	24.93519580480537	0.0017790454770600695
143.0	25.056296040092867	25.212774807030712	24.73304931779928	24.99787983507714	0.0
144.0	24.87281731098411	25.38353439424918	25.37253831993511	24.3711099748316	0.0
145.0	25.13455049115526	25.22699819073916	25.107523482731487	24.53056698857052	3.6084680357416886E-4
146.0	24.859764505718914	25.180459088535727	24.937681619228773	25.022094786516586	0.0
147.0	24.684924103851962	25.083544458740235	25.352511604200856	24.87863784152555	3.819916813933181E-4
148.0	24.99390472524685	24.967233712067838	25.13113714004825	24.907724422637063	0.0
149.0	24.81899286534676	25.0161799930831	24.81426311542255	25.350564026147588	0.0
