# Position (bp)	A	C	G	T	N
0.0	17.537947530289404	31.74698888860045	32.840573615974385	17.872712286682244	0.001777678453521327
1.0	22.42068859328411	19.090836995052236	23.048705284172552	35.40515109865922	0.03461802883188144
2.0	25.59928750640455	22.698549298771482	24.126350323968683	27.57574726597558	6.560487970735384E-5
3.0	30.53116339420574	22.71014328619137	26.92411511703188	19.833791639477493	7.865630935133186E-4
4.0	33.82198256911769	18.345994011319792	25.650093298579158	22.18193012098336	0.0
5.0	35.952523771331904	20.437362798483218	19.95505428131955	23.654181394709614	8.777541557106818E-4
6.0	17.514026506645557	21.301914195687687	20.151308453952442	41.03275084371432	0.0
7.0	21.448949618762082	28.97608825642635	21.436211771328885	28.138750353482678	0.0
8.0	21.75803822229051	25.469912105743354	23.653320566482634	29.118729105483503	0.0
9.0	35.36521184307187	19.191851540266192	24.20563988683971	21.237296729822226	0.0
10.0	24.808591837217318	28.538653087890697	26.807246783278526	19.845508291613456	0.0
11.0	21.788510662679514	26.571405109919578	24.342508354259625	27.297575873141287	0.0
12.0	25.437990438044768	22.922640574045722	23.017584522845592	28.62174259724964	4.186781428319872E-5
13.0	25.688290745138797	23.298958091707952	23.157399886344628	27.85535127680862	0.0
14.0	25.872572256297545	23.629696216940275	23.219079383052698	27.27865214370948	0.0
15.0	26.07463743790545	23.530481494293245	23.78832799248757	26.606553075313727	0.0
16.0	26.19368243391219	23.28182843938326	24.033763791718563	26.490712068173945	1.3266812040991264E-5
17.0	26.48718191333624	23.24525581353252	24.024936568147364	26.242625704983872	0.0
18.0	26.287801624287706	23.254340447129152	24.357369657932217	26.100488270650924	0.0
19.0	26.488330033497004	23.455725667438237	23.875995482589662	26.179948816475097	0.0
20.0	26.026452212301677	23.56596634964562	23.894518288996206	26.513063149056492	0.0
21.0	26.10901674963251	23.680611678048365	23.922087855969508	26.28828371634962	0.0
22.0	26.28927637615252	23.355774475899413	23.80518915388741	26.549759994060658	0.0
23.0	25.96851884643032	23.636417032006964	23.541851308252824	26.852440894000846	7.719193090414643E-4
24.0	26.04102282795882	23.69846885766402	24.0147322871496	26.245776027227556	0.0
25.0	26.50702381233112	23.252034320642462	23.837991336820142	26.40289955437232	5.097583395776181E-5
26.0	26.488489105391917	23.665845029455067	23.477607184122597	26.368058681030416	0.0
27.0	26.045464852451687	23.59981482526313	24.142945804280007	26.211767382569978	7.135435198092678E-6
28.0	26.630368934383753	23.5841942188931	23.776575488840038	26.008861357883113	0.0
29.0	26.180685994795272	23.73131217211179	23.674782225937186	26.41317985834298	3.974881277940231E-5
30.0	25.894106936451795	23.768722630358333	24.09491955021059	26.242250882979278	0.0
31.0	26.058444748131958	23.68588475173702	24.117923730446662	26.137442067630285	3.0470205407705307E-4
32.0	26.272623877333352	23.70850351972185	23.853334608728158	26.165537994216642	0.0
33.0	26.221049102041054	23.7668860124432	24.312841824200092	25.699205739154106	1.73221615445018E-5
34.0	26.020285669350347	23.686675242346922	24.410228395853434	25.882810692449297	0.0
35.0	26.482717765712533	23.650345930767553	23.81983717299668	26.046683456109427	4.1567441380534605E-4
36.0	26.356046459981876	23.923055671107605	24.277680502156347	25.443217366754173	0.0
37.0	26.563694333764058	23.609918125006228	24.148680599304605	25.677704904519103	2.0374059999447048E-6
38.0	26.161860996926144	23.88670012579259	24.002741376374583	25.948697500906682	0.0
39.0	25.993689473274635	24.050474231693318	24.272246149859576	25.681859573311666	0.001730571860799685
40.0	26.571774479413268	23.709221484497885	23.951860232780092	25.767143803308752	0.0
41.0	26.551376358879896	23.904684428936633	23.770980866849666	25.77295834533381	0.0
42.0	25.969346281425924	24.310862179055803	24.131197642549683	25.588593896968586	0.0
43.0	26.428759844599238	24.03551547774344	23.99259189002974	25.543108345410932	2.4442216649555247E-5
44.0	26.109554055646456	23.954058123181085	23.838505528740395	26.09788229243206	0.0
45.0	26.388191146930545	24.01040060850295	24.356246737958752	25.24516150660775	0.0
46.0	26.206425604692924	23.985192123016606	24.261197780297046	25.54718449199342	0.0
47.0	26.00212563510767	24.168084635851848	23.93021080535185	25.89957586885442	3.0548342130271528E-6
48.0	26.015050526400636	24.0452180906494	24.18836229286424	25.751369090085724	0.0
49.0	26.154143832505657	23.958269493462463	24.287590315163683	25.5999963588682	0.0
50.0	26.10531151236653	24.176865114857957	23.977316801099906	25.73992722045367	5.793512219342006E-4
51.0	25.912258084800705	24.3128104706341	24.450880456557282	25.32100258647808	0.0030484015298292096
52.0	25.83294515992756	23.98247007508082	24.217538678865395	25.967046086126228	0.0
53.0	25.979978843649683	24.19842579649383	23.982540411378004	25.839054948478484	0.0
54.0	25.953814616052025	24.516591959186325	24.421124011186645	25.10805199836919	4.1741520581695167E-4
55.0	26.289842878712143	24.16742364819876	24.152132326011884	25.390440292955667	1.608541215397046E-4
56.0	26.16157052147158	24.420708079128755	24.095405082188183	25.32231631721148	0.0
57.0	25.945236038990444	24.464571792984867	24.320990088791312	25.26905751920391	1.4456002946337007E-4
58.0	25.880964880268515	24.241069970624903	24.24575386926065	25.632211279845933	0.0
59.0	26.17257172544514	24.174649128832005	24.19646906169392	25.45631008402893	0.0
60.0	25.948812384231022	24.272610765936033	24.45612580533103	25.32245104450191	0.0
61.0	26.167370602608536	24.027278159499936	24.19190511858126	25.613436957476278	9.161833994347779E-6
62.0	26.077294784246646	24.316105613610937	24.038906068672368	25.567421735277946	2.717981921022592E-4
63.0	25.613693807786785	24.47707684783971	24.552053225135037	25.357161867690238	1.4251548234756918E-5
64.0	25.991982329813084	24.15923588534982	24.57974569687217	25.269036087964924	0.0
65.0	25.86617387041594	24.33643843303814	24.249964145068123	25.547423551477806	0.0
66.0	25.82983633701988	24.473601442983757	24.750317471267717	24.946244748728652	0.0
67.0	26.023700410929017	24.275653125665393	24.614711481014627	25.08557259047524	3.623919157204259E-4
68.0	25.769659715309118	24.393146187514812	24.465147064827956	25.37204703234811	0.0
69.0	25.637537035319525	24.535584827086257	24.64170650250412	25.185171635090096	0.0
70.0	25.866040826523246	24.390003795949287	24.510568015036725	25.233387362490745	0.0
71.0	25.736545659877525	24.285694668674076	24.38832887086386	25.58387898915948	0.005551811425059906
72.0	25.5032912804024	24.63119552289934	24.754348528114843	25.111163650638556	1.0179448613471554E-6
73.0	25.609389088768207	24.166522100574063	24.680567297909988	25.542940262385983	5.812503617545487E-4
74.0	25.41611622737086	24.51940075965051	24.276864415183912	25.78760332831497	1.526947974866925E-5
75.0	25.466961272771176	24.68649493078364	24.6053511069366	25.241192689508583	0.0
76.0	25.39250502324868	24.438761178279485	24.399131625270993	25.769602173200845	0.0
77.0	25.464889855183	24.54256916636562	24.44872822104667	25.543812757404705	0.0
78.0	25.294863319876796	24.50498269210191	24.878180029322046	25.317932305070816	0.004041653628431195
79.0	25.369270618035618	24.15493053747259	24.891825026777834	25.58397381771396	0.0
80.0	25.252150145179687	24.568630619903217	24.568355729722356	25.61083092561775	3.257957699125204E-5
81.0	24.926453473653375	24.75200946093669	24.832936780811707	25.488600284598228	0.0
82.0	25.50211462421637	24.53472061427422	24.573403341956748	25.389748183201327	1.3236351333776725E-5
83.0	25.51342747985444	24.409026810198693	24.353022593458526	25.724523116488346	0.0
84.0	25.19303098759887	24.621200272340392	24.700867087103145	25.484702073524414	1.9957943318463442E-4
85.0	25.23414287906703	24.566659264585464	24.804507512063566	25.394690344283944	0.0
86.0	25.25311779005957	24.678881677138055	24.470678353559187	25.597322179243193	0.0
87.0	25.29036100128199	24.93431698735708	24.757699863871423	25.017622147489504	0.0
88.0	25.628726599090857	24.49728321229356	24.698579931846524	25.175410256769066	0.0
89.0	25.378478890134552	24.769198589204915	24.504516897220835	25.347803586431684	2.0370080153311743E-6
90.0	25.390823086091213	24.916869697973873	24.92665602461363	24.765651191321282	0.0
91.0	25.779789243724927	24.54478422890763	24.53100026788678	25.144426259480664	0.0
92.0	25.639384854026304	24.609699761336525	24.248513011216794	25.502402373420374	0.0
93.0	25.45800552919195	24.835574123205635	24.65135805383006	25.055062293772355	0.0
94.0	25.366682961298608	24.629518376614936	24.866842808713937	25.136955853372523	0.0
95.0	25.512379530596625	24.73762686292065	24.37092324121472	25.379070365268007	0.0
96.0	25.225585791441922	24.81303088892199	24.721995667000186	25.239387652635898	0.0
97.0	25.447389638610495	24.74572011930146	24.50126279867655	25.3056274434115	0.0
98.0	25.143544796094258	24.697066069149518	24.343117790810624	25.81626726744502	4.076500588402095E-6
99.0	25.09147187099952	24.781388369072975	24.79967102231668	25.32746873761082	0.0
100.0	25.691094855202845	24.668970266917643	24.541182141277147	25.098752736602364	0.0
101.0	25.366094116790045	24.736699287799585	24.62215886649704	25.27504772891333	0.0
102.0	25.08244495787911	24.754124026916642	24.812768566795775	25.35063390248568	2.854592278941623E-5
103.0	25.219305333625375	24.68065861534477	24.635131419656275	25.46490463137358	0.0
104.0	25.335505689336372	24.743125425364283	24.318880523543534	25.602488361755803	0.0
105.0	25.36197462228652	24.627123008372294	24.71075220209147	25.30015016724972	0.0
106.0	25.510689145720093	24.330890413681303	24.676591478863408	25.481828961735197	0.0
107.0	25.56591747420846	24.458032597354098	24.56835450798205	25.407695420455394	0.0
108.0	25.290229602394156	24.813180037771968	24.728291968763134	25.16829839107075	0.0
109.0	25.579218639559375	24.36729694118179	24.592866323887783	25.460618095371046	0.0
110.0	25.5571616449498	24.411057459636446	24.35570736195179	25.676073533461967	0.0
111.0	25.48471212147315	24.591099800213577	24.828005804249152	25.096182274064123	0.0
112.0	25.949316631910367	24.27852785249535	24.674910497468385	25.09724501812589	0.0
113.0	25.72181073934973	24.737373477915728	24.20939764055626	25.33141814217828	0.0
114.0	25.431579316679727	24.789654143192582	24.735950034665418	25.042816505462273	0.0
115.0	25.621993900782147	24.364751614468958	24.965753673328507	25.047500811420388	0.0
116.0	25.29431437139807	24.750346788310168	24.505979300228926	25.449359540062833	0.0
117.0	25.21671078224928	24.895781578117724	24.866023494440235	25.021484145192762	0.0
118.0	25.7383129857569	24.547271154536023	24.48033142431632	25.23408443539076	0.0
119.0	25.770824431712725	24.77368519075541	24.364216178584723	25.09127419894715	0.0
120.0	25.450771131360018	24.780727285659506	24.778329116928134	24.990172466052343	0.0
121.0	25.74006371316414	24.335669899848817	24.707923050804727	25.216343336182316	0.0
122.0	25.526536402162982	24.621274261143295	24.566363062235762	25.28582627445796	0.0
123.0	25.4574086689436	24.839066732303223	24.74049323899422	24.96303135975896	0.0
124.0	25.448463720285623	24.590868906390906	24.78501961791686	25.17564775540661	0.0
125.0	25.487830353115143	24.600217210018705	24.34250022574658	25.569452211119575	0.0
126.0	25.402875003533126	24.748097135382146	24.690686701979747	25.158341159104978	0.0
127.0	25.5543616171798	24.328511041561075	24.65346722018603	25.463660121073094	0.0
128.0	25.535561739557767	24.54406180448477	24.48032199614732	25.440054459810142	0.0
129.0	24.938585603071413	24.735115222657196	24.77092086172976	25.555378312541627	0.0
130.0	25.329976317235154	24.39809090585192	24.557756766611135	25.713561011993658	6.149983081396543E-4
131.0	25.465162585646777	24.80015500044967	24.32720409541276	25.407478318490796	0.0
132.0	24.923385810267067	24.739801421468897	24.745008034297996	25.58868445890179	0.0031202750642479716
133.0	25.490414564142842	24.664336969963514	24.713828359763852	25.13141907999743	1.0261323588633183E-6
134.0	25.08512269046718	24.704844959189202	24.455735497771297	25.754296852572317	0.0
135.0	25.13047938444212	25.029298039192167	24.707564941042833	25.132361861511637	2.957738112501348E-4
136.0	25.348271169615128	24.693636550954835	24.6839443566739	25.27414792275614	0.0
137.0	25.34588030577039	24.958419443571284	24.52045560657138	25.175058578331388	1.860657555557744E-4
138.0	25.25968364359071	25.13229497622668	24.771128315479164	24.836893064703446	0.0
139.0	25.65517418242561	24.4870530939124	24.78611983710706	25.071539685557887	1.1320099704556719E-4
140.0	25.370403411493292	24.81856261673776	24.318533933488578	25.492500038280376	0.0
141.0	25.24015638035247	24.998913412797393	24.732463064742234	25.028334216788668	1.3292531923767145E-4
142.0	25.329555465077846	24.797846409642414	24.568326040545077	25.30258370692517	0.0016883778094885222
143.0	25.4328312335462	24.840450979562924	24.359585091599442	25.36713269529144	0.0
144.0	25.233908256996045	25.018710613932853	24.978393099005864	24.768988030065238	0.0
145.0	25.5224077039575	24.857242861387544	24.739427606119555	24.880520262066003	4.015664693985185E-4
146.0	25.239251456566762	24.766734611755986	24.60887823712921	25.38513569454804	0.0
147.0	25.043184152282453	24.706600117661033	24.988011018436314	25.26179683664415	4.07874976045129E-4
148.0	25.264077753406006	24.595386087640833	24.817733557188877	25.322802601764288	0.0
149.0	25.162548783893186	24.684719259891082	24.46377159397876	25.688960362236973	0.0
