# Position (bp)	A	C	G	T	N
0.0	21.434170230412832	26.059723881129145	23.820998438759013	28.685107449699014	0.0
1.0	34.940413300534686	19.748075808997815	24.54586929517376	20.765641595293744	0.0
2.0	24.179417739912676	29.16006932022664	27.19094844852194	19.469564491338748	0.0
3.0	21.345782012231464	27.142048164568433	24.73255873209805	26.77961109110205	0.0
4.0	24.980099607261536	23.436286304304886	23.452213415129084	28.131384681225846	1.5992078643685424E-5
5.0	25.1522710067926	23.977428823047227	23.61462773632253	27.255672433837653	0.0
6.0	25.40682840681877	24.27305996687786	23.6208964431925	26.69917523239208	3.995071879083556E-5
7.0	25.69066662337437	24.112342947987074	24.15822419476405	26.038766233874505	0.0
8.0	25.793833035225532	23.85623780837848	24.42696409495474	25.9221116803734	8.533810678438149E-4
9.0	25.979843900039963	23.832859478971123	24.49041816414634	25.696878456842576	0.0
10.0	25.867635647862485	23.739045902896404	24.828328626165668	25.56498982307544	0.0
11.0	26.00965181381476	24.07648095375467	24.282123441335276	25.590371492892455	0.04137229820283481
12.0	25.614974414616785	24.102986596908202	24.387958374757343	25.89407562682875	4.9868889204703024E-6
13.0	25.652218341893125	24.27978689592789	24.405962661024407	25.66203210115458	0.0
14.0	25.720155366507626	23.954843601257977	24.299683176577453	26.025317855656947	0.0
15.0	25.529772813495967	24.217365833380907	24.078627216468593	26.1740766173499	1.5751930463880594E-4
16.0	25.573610567114493	24.29684915218249	24.445279529722963	25.68426075098006	0.0
17.0	26.18286385778788	23.74942477505965	24.287739936362986	25.77993256003048	3.8870759002101504E-5
18.0	26.03476699221036	24.206934513682306	23.988605763100505	25.769692731006828	0.0
19.0	25.572260601236962	24.246036420630194	24.52467867646184	25.656999390513658	2.4911157346662012E-5
20.0	26.204062463729816	24.073507650204476	24.149988323298963	25.572441562766745	0.0
21.0	25.793859542068386	24.305813435084843	24.027768797587054	25.872369931830807	1.8829342890802265E-4
22.0	25.431263326018122	24.382310267282893	24.517059121230268	25.66936728546872	0.0
23.0	25.66736718780529	24.18983095203063	24.54290022006963	25.59817040056749	0.0017312395269596182
24.0	25.905025095096423	24.27628610501593	24.23128027323226	25.587408526655388	0.0
25.0	25.634178246989297	24.42066383015816	24.758929013034436	25.18597493753726	2.5397228084776707E-4
26.0	25.584028850834716	24.173987963800855	24.78631650427064	25.455666681093785	0.0
27.0	25.95633861653991	24.292983420651407	24.2168537333387	25.533683816563023	1.4041290695755812E-4
28.0	25.83009334678394	24.491405542382022	24.73618376204067	24.942317348793363	0.0
29.0	26.041234486239112	24.15549575377222	24.58013745107559	25.223132308913076	0.0
30.0	25.683041403776535	24.422429280815475	24.334569485859696	25.559959829548294	0.0
31.0	25.525433674226772	24.582994465321185	24.739885468104404	25.149787742495768	0.0018986498518704647
32.0	25.913511909382798	24.349394611920992	24.423740979251505	25.3133524994447	0.0
33.0	25.958096078293686	24.521520590382664	24.200799099097672	25.319584232225978	0.0
34.0	25.456186041095624	24.913817797498943	24.592482352082392	24.99388210301778	0.043631706305262925
35.0	25.900631377675715	24.557062781880678	24.506491162699646	25.035812686656943	1.9910870184272316E-6
36.0	25.535381269399572	24.535823908828704	24.2726413990273	25.656153422744428	0.0
37.0	25.837996242807936	24.580985204431137	24.9108230819738	24.648288106793018	0.021907363994112937
38.0	25.677445733416064	24.534089726098294	24.68078307300627	25.107669522172394	1.1945306978561818E-5
39.0	25.488905486718583	24.786906877200188	24.42226703647299	25.301643876946212	2.7672266202821087E-4
40.0	25.46586933558887	24.688414598251494	24.690197347225727	25.155518718933905	0.0
41.0	25.621693892718184	24.538083624561825	24.75231643009652	25.08790605262347	0.0
42.0	25.491069154329278	24.82524641523056	24.440450401630702	25.24233321917769	9.008096317711198E-4
43.0	25.32739700856045	24.841075798514805	25.00101500435728	24.82982340894969	6.887796177848432E-4
44.0	25.258467369311084	24.60779731723576	24.69417464475439	25.439560668698764	0.0
45.0	25.391276009222924	24.779037511512758	24.535054981712907	25.29459566753153	3.5830019877599276E-5
46.0	25.320623130592494	25.26759865115024	24.82984910735624	24.581925129785365	3.9811156575009576E-6
47.0	25.718189255051062	24.660604851588534	24.640848145604586	24.980265189514096	9.255824172621877E-5
48.0	25.442669483871956	25.124393332301427	24.541275188788305	24.89166199503831	0.0
49.0	25.344004978564517	25.056909708861618	24.850275635503028	24.748173742124656	6.359349461837813E-4
50.0	25.365397407289507	24.8789336602247	24.714864652498107	25.04080427998769	0.0
51.0	25.585759746755727	24.772013076219697	24.614733597102916	25.027493579921668	0.0
52.0	25.343645426335215	24.896257590171334	24.940574600845352	24.8195223826481	0.0
53.0	25.556335942128094	24.588611143721213	24.724596257432665	25.13037106764487	8.558907316548082E-5
54.0	25.368216036289994	24.87959145079446	24.67433934805987	25.07725504076788	5.981240877985652E-4
55.0	25.00214566792234	25.091196857945995	25.10674399351316	24.799729367183613	1.8411343489468295E-4
56.0	25.3850688352276	24.707815508033445	25.157449075529964	24.74966658120899	0.0
57.0	25.25050205503402	24.8594568347317	24.850330913660546	25.039709201380596	9.951931375302778E-7
58.0	25.239591812943356	25.049804462890297	25.29322604867331	24.41737767549304	0.0
59.0	25.31615900027024	24.822389925124448	25.17132040329454	24.69013067131078	0.0
60.0	25.059830769179786	24.947054475295953	25.09811883895143	24.894994921379585	9.951932464753215E-7
61.0	24.961335033270263	25.157256307210258	25.192341589874133	24.689067069645347	0.0
62.0	25.235210096898232	25.08909989019469	24.947798094197562	24.727891918709517	0.0
63.0	25.05268997243505	24.89942199403252	24.875499372289912	25.16954461577911	0.0028440454634101413
64.0	24.828466992031466	25.26679794304484	25.223598740097053	24.681136324826642	0.0
65.0	24.976424563020004	24.813886299581263	25.20530164418845	25.00438649808821	9.95122070828331E-7
66.0	24.835735058446268	25.19417173323058	24.686604129730576	25.283444297518294	4.478107428404018E-5
67.0	24.79266939141866	25.34302370368246	25.162757029256394	24.701549875642485	0.0
68.0	24.850653701225323	25.072262668847827	24.97440845379533	25.102675176131516	0.0
69.0	24.893167111621672	25.162814084173853	24.911030062958993	25.03298874124549	0.0
70.0	24.815407120103277	25.115365542998784	25.37311194451527	24.69085692712188	0.005258465260786191
71.0	24.75047699458975	24.705549139897048	25.44406574145838	25.09990812405482	0.0
72.0	24.751736948902384	25.197002229958926	25.029646583819943	25.02160727084303	6.966475716562486E-6
73.0	24.512491261928762	25.357235839547513	25.314798471016676	24.815474427507052	0.0
74.0	25.006500650303888	25.029582225968568	25.10749846765587	24.854268940504422	0.002149715567251866
75.0	24.922846635780505	25.06867775051878	24.960489268634955	25.04798634506576	0.0
76.0	24.62388969379133	25.259061164021634	25.27078469017166	24.845690169428693	5.742825866850203E-4
77.0	24.794395967645684	25.16186209365844	25.34040703776267	24.703334900933203	0.0
78.0	24.788825887131438	25.35051459324318	24.962090369480233	24.89856915014515	0.0
79.0	24.682482370229213	25.581073703598562	25.258147948840755	24.478295977331474	0.0
80.0	25.038599888023423	25.042491903835675	25.215910572585305	24.702764711847145	2.3292370845719805E-4
81.0	24.812416222713036	25.308278615944126	25.019842558775174	24.859462602567667	0.0
82.0	24.738053939665164	25.46913370732735	25.463608889227256	24.329202468317508	9.954627207373878E-7
83.0	25.22294292586237	25.122063972085513	25.025782190177893	24.629210911874228	0.0
84.0	25.002304888167803	25.29397167388261	24.7449000746733	24.958823363276288	0.0
85.0	24.84812200765829	25.48063238015381	25.12708168701609	24.544163925171805	0.0
86.0	24.867942501103034	25.22018145204265	25.352491083540873	24.559384963313438	0.0
87.0	24.89596495322862	25.32684628649411	24.91279490966697	24.86416187120601	2.3197940429102757E-4
88.0	24.67810322746515	25.386754290751394	25.29102098759838	24.644042837374965	7.865681011209561E-5
89.0	24.879297796504343	25.417974786245907	25.064209718870035	24.63851769837972	0.0
90.0	24.634960812035423	25.273056724965077	24.889751487731075	25.202230975268424	0.0
91.0	24.532801037283427	25.394394425015825	25.356149936081934	24.716654601618814	0.0
92.0	25.013609295777634	25.244107671599735	25.14970872646518	24.59257430615745	0.0
93.0	24.756314404222255	25.327051275126124	25.200625959127066	24.71600836152456	0.0
94.0	24.5543976252347	25.35745834549637	25.474211551107945	24.613709393013096	2.230851478861821E-4
95.0	24.710594363525516	25.32955712413122	25.240824268589368	24.71902424375389	0.0
96.0	24.76358521995384	25.30097237439347	25.0195954666984	24.915846938954285	0.0
97.0	24.76110734051655	25.222592853660714	25.44068194467003	24.575617861152708	0.0
98.0	24.95505364893526	24.943107069995975	25.346189803357298	24.755649477711465	0.0
99.0	25.008375360892632	25.07652584431657	25.26515501007364	24.649943784717156	0.0
100.0	24.681416342857148	25.451754975135625	25.461907499909444	24.40492118209778	0.0
101.0	24.977778824531125	25.0485004296886	25.208658673290145	24.76506207249013	0.0
102.0	24.913819357857683	25.013787099367956	25.015629331431064	25.034886584711685	0.02187762663160959
103.0	24.754225243336563	25.243619541344277	25.50911556439908	24.493039650920085	0.0
104.0	25.21068844420561	24.885231464855043	25.316859347323717	24.587220743615628	0.0
105.0	25.122642340765104	25.39381577213053	24.808309201009873	24.675232686094493	0.0
106.0	24.821361991990667	25.426716413994093	25.33753780107959	24.41438379293564	0.0
107.0	24.975994148420448	24.993482033074677	25.553087365592848	24.477436452912034	0.0
108.0	24.689320210879465	25.339487310049318	25.077179697155344	24.894012781915873	0.0
109.0	24.619572381103584	25.446308852739342	25.51795238952267	24.416166376634408	0.0
110.0	25.012233628978038	25.152114888609578	25.13205181683546	24.703599665576924	0.0
111.0	25.03374656138989	25.376148046055153	24.952272293058208	24.63783309949675	0.0
112.0	24.79477184824829	25.425326637095928	25.387517299035927	24.392384215619852	0.0
113.0	25.09262782939598	24.90740557470586	25.3447021617988	24.655264434099365	0.0
114.0	24.87480223665689	25.196411115122586	25.17191045921224	24.756876189008285	0.0
115.0	24.765592062461735	25.45852319433987	25.353897977468538	24.42198676572985	0.0
116.0	24.87676466165377	25.139072469068473	25.410748804295885	24.573414064981876	0.0
117.0	24.88807620830544	25.204126895873713	24.917007131686077	24.99078876665431	9.974804640957406E-7
118.0	24.746589796929868	25.271795526000002	25.356418887845777	24.625195789224353	0.0
119.0	24.861902976770583	24.973017531077105	25.38179377900968	24.783281722317298	3.990825332011226E-6
120.0	24.818438525820934	25.170997429425757	25.119317727351177	24.89124631740214	0.0
121.0	24.30645758110436	25.391461610262233	25.507411980920907	24.79465685235814	1.1975354361463478E-5
122.0	24.773964218269196	25.03407407712001	25.242176935126675	24.948214818376268	0.0015699511078500219
123.0	24.925975902592697	25.43691121777833	24.90527349113309	24.73183938849588	0.0
124.0	24.37126815280243	25.44864778091192	25.34779559234775	24.829782668280696	0.0025058056572006947
125.0	24.86555753538796	25.28732886935132	25.378817681931416	24.468295913329296	0.0
126.0	24.538940530130894	25.3035019880745	25.067943958324214	25.067952946115646	0.021660577354750174
127.0	24.54608056495405	25.63750820674481	25.318464447680334	24.4338559640926	0.06409081652820925
128.0	24.741991543504867	25.266767729981325	25.352889929878458	24.638350796635343	0.0
129.0	24.668933554572384	25.601711374167476	25.123046560812018	24.606232569813198	7.594063492745815E-5
130.0	24.537628488169617	25.713749149275678	25.49765080401975	24.250971558534957	0.0
131.0	24.91892066222619	25.17466375740855	25.403599180200082	24.502816400165177	0.0
132.0	24.813892786279183	25.468001952569452	24.957655207674126	24.760450053477236	0.0
133.0	24.57731365616183	25.710262920250386	25.356603190939573	24.355820232648203	0.0
134.0	24.732610456732367	25.412478165658698	25.201982844937497	24.649999433319987	0.00292909935145251
135.0	24.83908462938554	25.539574661060982	24.942449738034064	24.678890971519415	0.0
136.0	24.591431249768625	25.670662830901875	25.57315872898493	24.16474719034457	0.0
137.0	24.7313130209761	25.56222331013806	25.36227506953247	24.343494334629046	6.942647243249601E-4
138.0	24.598274510580264	25.416279332058693	25.269083127630037	24.716363029731	0.0
139.0	24.337956365887496	25.393229002727004	25.694019747664314	24.574481880831346	3.130028898419542E-4
140.0	24.57222121589976	25.192125962904278	25.46657754420179	24.769075276994176	0.0
141.0	24.482288054068963	25.40501475175681	25.119702530628757	24.99299466354547	0.0
