# Position (bp)	A	C	G	T	N
0.0	21.4685555030164	25.9799985613761	23.85683060605127	28.69461532955623	0.0
1.0	34.966349851577235	19.689882120071225	24.59954739489142	20.74422063346012	0.0
2.0	24.146185185444395	29.12707694293775	27.252684806862714	19.47405306475514	0.0
3.0	21.353085793752832	27.04314536007763	24.807057395809395	26.796711450360146	0.0
4.0	24.97412663367251	23.387862014373408	23.478648591584104	28.159343286211975	1.947415800654106E-5
5.0	25.15003346189757	23.91313658150264	23.677609713617628	27.259220242982163	0.0
6.0	25.464605559590996	24.212658683055967	23.654985188535488	26.667699000761896	5.1568055652245655E-5
7.0	25.770256284121455	24.07684057245222	24.18263546765448	25.97026767577184	0.0
8.0	25.843874761346203	23.78450561612189	24.495056755282935	25.875744206179068	8.18661069902902E-4
9.0	26.04119595779335	23.76954128557373	24.53809297555885	25.651169781074067	0.0
10.0	25.868864687621574	23.730818732858534	24.854143627207304	25.54617295231259	0.0
11.0	26.072600045094884	24.05844020436433	24.307377421454852	25.5207979268324	0.040784402253531596
12.0	25.663306883205202	24.040537669762323	24.42840580269979	25.86774867278971	9.715429814404007E-7
13.0	25.69365259803463	24.27788658663795	24.438918130379616	25.589542684947798	0.0
14.0	25.682753125153702	23.969100211056606	24.356449456476597	25.9916972073131	0.0
15.0	25.54725229366605	24.218169840591894	24.112327715575688	26.122053013260427	1.971369059389804E-4
16.0	25.592503510811493	24.29757893584956	24.475007576051073	25.63490997728787	0.0
17.0	26.18094079075432	23.763043601728707	24.32024535529285	25.73572365102889	4.6601195223571666E-5
18.0	26.07269187530598	24.209560041058815	24.0260862725298	25.691661811105405	0.0
19.0	25.53750399438991	24.23568959160946	24.575055248811303	25.651735635090674	1.5530098660969655E-5
20.0	26.124031610385394	24.103349293850176	24.193071213452033	25.579547882312397	0.0
21.0	25.7702736846649	24.281921729063793	24.09036742349386	25.85724404411366	1.931186637911977E-4
22.0	25.3841972765374	24.392949565314122	24.554517352938547	25.668335805209928	0.0
23.0	25.649942224942833	24.214510916248912	24.55020666439903	25.583680025075445	0.0016601693337789949
24.0	25.890985726661647	24.26722686663951	24.27809910406302	25.563688302635825	0.0
25.0	25.616906352138848	24.40722839685787	24.780071099306745	25.195544824774927	2.4932692160211815E-4
26.0	25.58605755982017	24.193022427971066	24.807204875992067	25.41371513621669	0.0
27.0	25.974465451542812	24.310268941530985	24.249669303970652	25.465434315929176	1.6198702637175948E-4
28.0	25.828165505828743	24.49323955690574	24.798156041578917	24.880438895686602	0.0
29.0	26.063281424938285	24.13400919302006	24.628250210226597	25.174459171815066	0.0
30.0	25.774035856402623	24.406483776206898	24.345896473876415	25.47358389351406	0.0
31.0	25.59350431989131	24.564053475801835	24.757511939963827	25.08299471968678	0.0019355446562540572
32.0	25.96701105845617	24.345566811354903	24.489022287475642	25.198399842713282	0.0
33.0	26.009351010721073	24.507179449449172	24.232907388179655	25.250562151650108	0.0
34.0	25.513604572671117	24.879208584625196	24.603165584709917	24.960616880270525	0.043404377723244875
35.0	25.923140403884105	24.499686071299625	24.54668424202022	25.030486374253424	2.9085426223652965E-6
36.0	25.557881743908993	24.51475964086582	24.304837488302137	25.622521126923054	0.0
37.0	25.87310419955689	24.57594264317397	24.91539695409743	24.61391388478374	0.021642318387964182
38.0	25.74137041722676	24.51839410189825	24.70338446201564	25.036831631494273	1.938736507969128E-5
39.0	25.534116182174106	24.747196512954005	24.457125995374746	25.261211384327815	3.4992516932646307E-4
40.0	25.516891999167047	24.699931883238666	24.704471966767674	25.078704150826614	0.0
41.0	25.649511087336663	24.544651968456773	24.745993720179733	25.059843224026828	0.0
42.0	25.504455015520232	24.790250272213687	24.43727675589362	25.267133063198933	8.848931735250508E-4
43.0	25.344157548854945	24.83220394142928	25.016497742070694	24.806480751351693	6.600162933890083E-4
44.0	25.26182474112145	24.59539330493278	24.71667093671234	25.42611101723342	0.0
45.0	25.451204764901718	24.777556197724007	24.538427668722353	25.23278326438711	2.8104264806678613E-5
46.0	25.325428159039255	25.221797975400523	24.8474716462131	24.60529349765442	8.72169270456958E-6
47.0	25.72853465078119	24.630606420891517	24.639634054093005	25.001157041009293	6.783322500044285E-5
48.0	25.438215353931902	25.10065034939522	24.559661050273405	24.90147324639947	0.0
49.0	25.355539334124238	25.042752123575113	24.877843461956115	24.72331178336898	5.53296975552762E-4
50.0	25.393437161549983	24.861178655834802	24.729282863065244	25.01610131954998	0.0
51.0	25.62090895543912	24.774712730528517	24.609427827460813	24.99495048657155	0.0
52.0	25.369917165053902	24.87855337237644	24.93312372596867	24.81840573660099	0.0
53.0	25.53867485901838	24.58428919097394	24.760530573260915	25.11642883094376	7.654580300767063E-5
54.0	25.34132034699964	24.88975375392042	24.678866680537123	25.089500149936	5.59068606816244E-4
55.0	25.006480320680947	25.07166576297929	25.10025252055722	24.821414395910914	1.8699987162894822E-4
56.0	25.42031784948223	24.718405563752917	25.126903585268206	24.734373001496646	0.0
57.0	25.262693451377032	24.858260877341586	24.81509408018045	25.063951591100935	0.0
58.0	25.286311846191754	25.037752033213184	25.27359154735803	24.402344573237027	0.0
59.0	25.344755176846554	24.79092431557934	25.150052859868733	24.71426764770537	0.0
60.0	25.080560592436107	24.934076923264733	25.094060668142713	24.891301816156446	0.0
61.0	24.99893329879585	25.172419993728067	25.1558575440597	24.672789163416375	0.0
62.0	25.27736447147892	25.090354317269508	24.92561382754828	24.706667383703294	0.0
63.0	25.133815279925102	24.889137325753666	24.848867573928178	25.12529282204244	0.0028869983506132776
64.0	24.83583458758778	25.292398092809233	25.223169195805976	24.648598123797008	0.0
65.0	25.02737137097734	24.80641148419827	25.21202985378016	24.954187291044228	0.0
66.0	24.83138207611247	25.181875778868708	24.71800101656795	25.26871012725545	3.1001195425471355E-5
67.0	24.81175854729121	25.362262911087846	25.1482226060636	24.67775593555734	0.0
68.0	24.88016406674917	25.09376891123357	24.961882780883037	25.064184241134225	0.0
69.0	24.93232564398573	25.18752344887772	24.870116940601292	25.010033966535257	0.0
70.0	24.866638610963484	25.113564515259775	25.348351398370188	24.66607640474318	0.0053690706633736755
71.0	24.755043865068924	24.736014533983433	25.43886455366429	25.070077047283352	0.0
72.0	24.798410004664284	25.1893848090054	25.029843511646217	24.982358768226014	2.9064580878668007E-6
73.0	24.536984370289964	25.374556485975948	25.27523480547446	24.813224338259626	0.0
74.0	24.9918978083018	25.02845419192638	25.107177528919262	24.870378738841385	0.0020917320111701007
75.0	24.915203135636123	25.08284218799468	24.963123952437584	25.038830723931614	0.0
76.0	24.622654848005908	25.295663121177597	25.262854859231364	24.818315602206248	5.115693788792982E-4
77.0	24.829815279258625	25.201456560125184	25.331213062801183	24.637515097815005	0.0
78.0	24.81612895049326	25.370001633220777	24.932829241457704	24.88104017482826	0.0
79.0	24.674697064625473	25.57323651217283	25.27593578246102	24.476130640740674	0.0
80.0	25.018328222154068	25.07490223405915	25.18348546202638	24.72300889559624	2.751861641667829E-4
81.0	24.833462774485092	25.356970272785723	24.970852242804146	24.838714709925043	0.0
82.0	24.752759696325334	25.503579891628764	25.44482566211253	24.298834749933373	0.0
83.0	25.22778785624544	25.17947943166493	24.981171856445215	24.611560855644413	0.0
84.0	25.030049496451984	25.3222933564436	24.74112274619086	24.906534400913557	0.0
85.0	24.83090158804677	25.494662163532638	25.128099556905358	24.54633669151523	0.0
86.0	24.845843427339553	25.260419351930107	25.31649055990267	24.57724666082767	0.0
87.0	24.89149938489069	25.324737186602103	24.880138048714596	24.903429611652413	1.9576814020053597E-4
88.0	24.632771149755875	25.398981146896986	25.28897429653427	24.679213317612188	6.008920067387519E-5
89.0	24.890576996213408	25.421424007194044	25.044506530759918	24.64349246583263	0.0
90.0	24.626096994205273	25.30947477927523	24.859215274717315	25.20521295180218	0.0
91.0	24.538860467031395	25.416854125307513	25.312173885937366	24.732111521723724	0.0
92.0	24.98834590885665	25.278271353691462	25.147307983460514	24.586074753991376	0.0
93.0	24.744011620390534	25.301866479718228	25.204665414603006	24.749456485288235	0.0
94.0	24.558578473752647	25.416193533760506	25.44873221061553	24.576275729447854	2.2005242346690617E-4
95.0	24.724007312095907	25.382984333336427	25.25335445201286	24.639653902554805	0.0
96.0	24.830526483019124	25.32347830408294	25.002187866828823	24.84380734606911	0.0
97.0	24.795749267604965	25.25200315921179	25.420191252282052	24.532056320901194	0.0
98.0	24.942733266050286	24.973045929774447	25.320629330612537	24.76359147356273	0.0
99.0	25.01213186875924	25.06177246602573	25.250692967068805	24.67540269814623	0.0
100.0	24.690412970498173	25.478870520271908	25.428610741641062	24.40210576758886	0.0
101.0	24.980700446679847	25.04902477824193	25.207879964298506	24.76239481077972	0.0
102.0	24.926321632581182	25.011897841340037	25.01662739995158	25.023880294939428	0.021272831187778167
103.0	24.802396858390082	25.24529110460052	25.477847024827593	24.474465012181806	0.0
104.0	25.192039153216584	24.894341586322575	25.31185722294923	24.60176203751161	0.0
105.0	25.146678104557225	25.369312123084136	24.793338731038954	24.690671041319685	0.0
106.0	24.841199965437514	25.41870348851804	25.316050033970793	24.424046512073648	0.0
107.0	24.96224202956056	24.958631527916957	25.55806501479394	24.521061427728544	0.0
108.0	24.723264189563142	25.33444085313884	25.057331311033522	24.884963646264495	0.0
109.0	24.601132053483752	25.48026956825426	25.543323445873213	24.375274932388777	0.0
110.0	24.991077283733645	25.16226944070825	25.11579835485933	24.73085492069877	0.0
111.0	24.962148568913126	25.387025006517227	24.967102892639055	24.683723531930593	0.0
112.0	24.73367145604077	25.42886355251095	25.399469284610554	24.437995706837725	0.0
113.0	25.060238386937428	24.942188674622344	25.330494263274634	24.667078675165595	0.0
114.0	24.827566856884857	25.190724877839404	25.165542989478062	24.816165275797676	0.0
115.0	24.77694135838989	25.455938982769805	25.334335971531885	24.43278368730842	0.0
116.0	24.832162217806037	25.170876026900018	25.418793882858292	24.578167872435657	0.0
117.0	24.868011260675583	25.22222824424036	24.91862242384107	24.991138071242986	0.0
118.0	24.70317899699739	25.30279713612012	25.33111325966902	24.662910607213473	0.0
119.0	24.79455601051617	24.99900185538384	25.387135438359483	24.81930281190932	3.883831191296862E-6
120.0	24.815818512921904	25.206845697632307	25.098812588415015	24.878523201030774	0.0
121.0	24.30296522847385	25.42089394692635	25.472203485674743	24.803915972899684	2.1366025372213403E-5
122.0	24.79917001982269	25.04758206974583	25.25037504826878	24.901323637837468	0.0015492243252346167
123.0	24.967412977529733	25.420598495340347	24.91017258129066	24.70181594583926	0.0
124.0	24.349795389092417	25.463944692636524	25.35606559219526	24.827633271023718	0.002561055052083805
125.0	24.85040087863363	25.27745269009836	25.412755435785694	24.459390995482316	0.0
126.0	24.568834137631246	25.312944555682478	25.07767597215551	25.019051258317997	0.021494076212769428
127.0	24.546290535903527	25.651296831343817	25.27556117457249	24.462425855952468	0.06442560222769225
128.0	24.76093834949984	25.28825729203855	25.307294838618848	24.64350951984276	0.0
129.0	24.652888716097536	25.585576935055037	25.127856617804117	24.63359896162851	7.876941480091503E-5
130.0	24.50258105887407	25.73250128497052	25.443351062272452	24.32156659388296	0.0
131.0	24.8725788244807	25.154889880435704	25.44403393788289	24.528497357200703	0.0
132.0	24.821192257425768	25.479425209266378	24.920020290963667	24.779362242344188	0.0
133.0	24.629122048607282	25.67891664745085	25.338460537183256	24.353500766758614	0.0
134.0	24.72378675873442	25.403273460559628	25.231482164673384	24.63845947233937	0.0029981436931958067
135.0	24.866392338304625	25.486800318887397	24.87827269020749	24.768534652600486	0.0
136.0	24.59080860046012	25.705978855314182	25.555137396838568	24.14807514738713	0.0
137.0	24.793112991303108	25.523600639379257	25.33946363839692	24.34310423512369	7.184957970289983E-4
138.0	24.649807966230792	25.400632268466556	25.21663368968995	24.732926075612703	0.0
139.0	24.45416465671711	25.346189617276103	25.639004065907876	24.560336543179623	3.051169192876658E-4
140.0	24.70535239084415	25.199662639335905	25.38317094289681	24.711814026923136	0.0
141.0	24.540157121664492	25.376962444264112	25.046793793422744	25.03608664064864	0.0
