# Position (bp)	A	C	G	T	N
0.0	21.524173821208944	25.797197057339577	23.87096623367564	28.807662887775837	0.0
1.0	34.93110612749756	19.535735158538348	24.581729459431266	20.951429254532826	0.0
2.0	24.26416810722266	29.03957853283246	27.115504954498054	19.580748405446823	0.0
3.0	21.391371858001158	26.955058573405942	24.706793763273037	26.946775805319863	0.0
4.0	25.1145435243092	23.307625259602265	23.417733544605667	28.16004001007199	5.766141087537976E-5
5.0	25.387040779390734	23.704258948769713	23.496033561232398	27.412666710607148	0.0
6.0	25.53859433228711	23.99222822907627	23.573681079714834	26.895495664728546	6.941932332681556E-7
7.0	25.69440615190455	23.92430378055706	24.21780086089479	26.163489206643604	0.0
8.0	25.885501253536553	23.66938012805483	24.39091350117461	26.054175986593247	2.9130640762776118E-5
9.0	26.154127229895906	23.63491099000431	24.410331289192015	25.800630490907768	0.0
10.0	25.99438756049149	23.588094644272132	24.7636181761309	25.65389961910548	0.0
11.0	26.219621269852112	23.777974521403898	24.24179584474125	25.760608364002735	0.0
12.0	25.777246056308943	23.912288532249683	24.231532328570665	26.078931696791695	1.3860790083469608E-6
13.0	25.82000261608735	24.027419428143983	24.323142485647324	25.829435470121336	0.0
14.0	25.953261507959287	23.769322608126668	24.188025825563958	26.08939005835009	0.0
15.0	25.718541310037967	24.014434321788155	23.956857415372976	26.309010787239433	0.0011561655614675246
16.0	25.857557136127053	24.013216410602524	24.39088206831699	25.738344384953432	0.0
17.0	26.271250818060672	23.58337592545629	24.19455560510872	25.95075185955555	6.579181877071477E-5
18.0	26.261290975905492	24.03074156816377	23.838989005064597	25.86897845086614	0.0
19.0	25.779029236483947	23.977494376294366	24.482485798018523	25.76097466440036	1.592480280420545E-5
20.0	26.39167840181521	23.93111078900304	24.118911242676962	25.558299566504793	0.0
21.0	25.91276583312277	24.075838795777138	24.06834248780746	25.942969814038193	8.306925444285004E-5
22.0	25.64863728430057	24.13212354098821	24.449715454670294	25.769523720040926	0.0
23.0	25.772899260823394	24.037273616397353	24.448371862644912	25.741156261470483	2.9899866385664216E-4
24.0	26.022785944489772	24.05797302650922	24.174810271230054	25.744430757770953	0.0
25.0	25.927302114281353	24.153911106430318	24.65572967844464	25.26300450765813	5.259318555769257E-5
26.0	25.761582579696178	24.081874070620735	24.68046320146982	25.476080148213263	0.0
27.0	26.177694979936472	24.08422381762185	24.137771848261767	25.599909432202058	3.9992197785136604E-4
28.0	26.085303678704857	24.297582011023735	24.634485247774006	24.9826290624974	0.0
29.0	26.285804723271305	23.922568910966472	24.506326402022836	25.28528958656637	1.0377173019809511E-5
30.0	25.888964243628966	24.22978605369729	24.364961799703163	25.516287902970586	0.0
31.0	25.68678101537321	24.429010495232262	24.642827485538383	25.23953481414718	0.0018461897089622687
32.0	26.293498479816552	24.08692227225697	24.286428452993558	25.333150794932923	0.0
33.0	26.219954661904012	24.287279629791794	24.14310636857294	25.349659339731257	0.0
34.0	25.700205130789932	24.63865585180456	24.505685033956226	25.155453983449284	0.0
35.0	26.182327408786023	24.353740757993876	24.36157474821688	25.102323198569522	3.3886433697665516E-5
36.0	25.833643113756153	24.332574056653264	24.187354369892788	25.64642845969779	0.0
37.0	26.117933098314637	24.368929064083396	24.706427564672836	24.80671027292913	0.0
38.0	25.94744261917958	24.346730618487854	24.59577874142199	25.11004802091058	0.0
39.0	25.72514366483918	24.5211336815736	24.272553908756016	25.481166670573185	2.074258022348471E-6
40.0	25.721717120571835	24.401281357065287	24.579590621978046	25.297410900384836	0.0
41.0	25.841431765120486	24.39494526939587	24.61743831008026	25.14618465540338	0.0
42.0	25.803758827289997	24.525184811511092	24.339762152157775	25.33065195029025	6.422587508826391E-4
43.0	25.60822169457884	24.691413518412126	24.800059990367913	24.89732726236193	0.0029775342791831267
44.0	25.535323924420965	24.31159859187698	24.567266827073617	25.58581065662844	0.0
45.0	25.6682330105584	24.53729799578192	24.36660611000275	25.42786288365693	0.0
46.0	25.626545485407824	24.87397670466687	24.81365487886093	24.68541025553574	4.126755286328591E-4
47.0	25.957605691032633	24.50690393385265	24.520373210243807	25.014973389365963	1.437755049451032E-4
48.0	25.81793156588307	24.766788840585082	24.458950600914704	24.956328992617134	0.0
49.0	25.599121201468684	24.77984055146532	24.730756218541718	24.890083656322332	1.9837220194713167E-4
50.0	25.592789509154095	24.585987555228016	24.590913592373447	25.230309343244446	0.0
51.0	25.823198841527756	24.504575058269126	24.558879999736803	25.11334610046631	0.0
52.0	25.57401442961318	24.632966163050373	24.852188191876742	24.940831215459706	0.0
53.0	25.82954684099899	24.4040751900206	24.561942493116142	25.204364979025566	7.049683870404168E-5
54.0	25.73551018936747	24.67830105141672	24.391685934062867	25.194165550400122	3.3727475281872883E-4
55.0	25.24683401825808	24.835700858221724	24.92064294433793	24.996810429953488	1.1749228773711982E-5
56.0	25.62350611131896	24.494221194224096	24.97816085292231	24.904111841534633	0.0
57.0	25.500851620533858	24.68138663152039	24.642803709732693	25.174958038213063	0.0
58.0	25.477154045792915	24.789130586961406	25.15645059709829	24.577264770147394	0.0
59.0	25.648551077075066	24.618588833748483	25.00026555624877	24.732177797942622	4.1673498505749373E-4
60.0	25.404299232597456	24.724833877849424	24.854800105137894	25.01606678441523	0.0
61.0	25.219606734815475	24.874870027200345	25.067027453524155	24.83849578446003	0.0
62.0	25.463202595563395	24.705710389704024	24.91535484456462	24.91573217016796	0.0
63.0	25.33050111655488	24.65701815928779	24.74280620665445	25.26369607095332	0.0059784465495573
64.0	25.07404622952677	25.002188623189742	25.14826315369448	24.775499920374752	2.0732142624646685E-6
65.0	25.23979080296369	24.55720166587279	25.029148323290535	25.17326834246968	5.908654033075166E-4
66.0	25.006444255962723	24.892462817576046	24.631725111495648	25.469352611359025	1.5203606560848274E-5
67.0	25.08085537289075	25.039755185993496	25.01185449415682	24.867534946958937	0.0
68.0	25.042163390259653	24.80227444059066	24.791652607596077	25.363909561553612	0.0
69.0	25.14548042262434	24.91685463173963	24.80774764059302	25.129917305043016	0.0
70.0	24.998823770852983	24.865600270507827	25.21695829962214	24.91410831989585	0.0045093391212100405
71.0	24.997124002573475	24.529714813703993	25.195869488556777	25.277291695165754	0.0
72.0	24.94192275905432	24.900800587218697	24.96115139316717	25.19609070527441	3.455528539849483E-5
73.0	24.624992046987458	25.094069469473002	25.16215333867087	25.118785144868678	0.0
74.0	25.176987410704587	24.896915280964272	24.891237662211346	25.034852734837077	6.911282718107418E-6
75.0	25.188524767028525	24.766038118768286	24.72663744634433	25.318799667858855	0.0
76.0	24.85659600988311	25.00716023817158	25.03126234734597	25.10476092476376	2.2047983558811748E-4
77.0	24.919231806953455	24.974924094237963	25.1249696607805	24.980874438028078	0.0
78.0	24.959069000447126	25.047314528923216	24.839445993838176	25.15417047679148	0.0
79.0	24.934055478921312	25.260224392849263	25.14184957363133	24.663870554598095	0.0
80.0	25.2619635382624	24.865059130117142	25.01406530138931	24.858911339002105	6.912290437412297E-7
81.0	25.017691690464172	25.111874560334492	24.872230481858296	24.99820257609262	6.912504210665534E-7
82.0	25.00928824766142	25.26279903107743	25.30325836553026	24.42465435573088	0.0
83.0	25.41642429987936	24.87970215071282	24.844545832015733	24.859327717392084	0.0
84.0	25.28858659774879	24.955753685560218	24.582548752935672	25.173110963755324	0.0
85.0	25.08760303100981	25.13407959137406	25.03265274430964	24.745664633306493	0.0
86.0	25.02157718631693	24.988495589531787	25.166550629883627	24.823376594267653	0.0
87.0	25.113372617933987	25.078771512381444	24.743168582240408	25.064687287444166	0.0
88.0	24.826020848445022	25.169461460688243	25.0756236145385	24.928894076328234	0.0
89.0	25.088319459136216	25.042468638286074	24.852305138402038	25.016906764175673	0.0
90.0	24.77541590401618	25.05336173576427	24.704901230985747	25.46631214013077	8.989103035906364E-6
91.0	24.735303018232212	25.145752212218646	25.158524855972036	24.960419913577102	0.0
92.0	25.27483543316398	24.99487645471966	24.915791708417785	24.81449640369858	0.0
93.0	24.9623643412268	25.10145604307753	24.989177699341397	24.94700191635427	0.0
94.0	24.707618610995418	25.09943083176749	25.241248970907655	24.95167807192507	2.3514404367377353E-5
95.0	24.863882126622006	25.038842208921007	25.019161049785392	25.07811461467159	0.0
96.0	24.96317867390742	25.094799684937918	24.718742518920045	25.223279122234615	0.0
97.0	24.956128637313952	25.013522585197062	25.118342247746323	24.912006529742666	0.0
98.0	25.189123012411034	24.732672740228047	25.01290076434201	25.06530348301891	0.0
99.0	25.191606171108965	24.82974349307043	24.951214133952945	25.02743620186766	0.0
100.0	24.942091700655844	25.18387889621024	25.097496231736915	24.776533171397	0.0
101.0	25.17417938568711	24.774813261030406	24.959828600182448	25.091178753100035	0.0
102.0	25.20550243508944	24.775846583017024	24.73418899863231	25.28446198326123	0.0
103.0	25.15317412848253	24.946030177099125	25.15367649358074	24.747119200837602	0.0
104.0	25.535465673500468	24.633394595184264	25.004047223853558	24.827092507461707	0.0
105.0	25.356433596167875	25.073637779965296	24.572755682352955	24.99717294151387	0.0
106.0	25.125178504974784	25.09420168750672	25.107177386813895	24.673442420704603	0.0
107.0	25.281566030883578	24.728602171132795	25.250960023139797	24.73887177484383	0.0
108.0	24.9889053716511	25.065504356775808	24.829813893843696	25.115776377729393	0.0
109.0	24.87177363869566	25.208834728555455	25.231854020968214	24.687537611780673	0.0
110.0	25.33430055179403	24.876998151534004	24.8219138052384	24.96678749143357	0.0
111.0	25.340450991732645	25.117136006939827	24.72731849281464	24.81509450851289	0.0
112.0	25.10941354999185	25.121622794759695	25.12864837310671	24.64031528214175	0.0
113.0	25.352209696202216	24.704200710536707	25.021217397345474	24.922372195915603	0.0
114.0	25.167547596742956	24.984715134699005	24.882480132029876	24.96525713652816	0.0
115.0	25.094116693645415	25.174698298641918	25.066090658288363	24.665094349424304	0.0
116.0	25.128879598232206	24.9503384714762	25.045155345750086	24.875626584541504	0.0
117.0	25.090608146306646	24.91280735588046	24.67222783397622	25.32435666383667	0.0
118.0	24.953967592170514	25.094443120354054	25.06822599200665	24.883363295468783	0.0
119.0	25.135431497463973	24.687173399077725	24.991342845093264	25.186052258365038	0.0
120.0	25.128502106819262	24.902949339046977	24.815454841715873	25.15309371241789	0.0
121.0	24.547777809801335	25.120658456464255	25.13201572891779	25.19954800481662	0.0
122.0	24.94079274517972	24.799444874143116	24.898474762661095	25.360633884459144	6.537335569199152E-4
123.0	25.10944187471047	25.157451756163717	24.68744331617868	25.045663052947138	0.0
124.0	24.588188794066202	25.120064705789186	25.142750899216242	25.145414519346872	0.0035810815815043766
125.0	25.124761797704597	25.01618995666497	25.02503045780139	24.834014319877866	3.4679511754367345E-6
126.0	24.710117292797403	25.057190902098007	24.81491499073608	25.417776814368505	0.0
127.0	24.838956254139507	25.366347431043863	25.079114123315016	24.715278975886136	3.0321561547930285E-4
128.0	25.063894287426216	25.006094977266113	25.027849443078804	24.90216129222887	0.0
129.0	24.980314200718787	25.306668804563476	24.86589974454711	24.846914548897097	2.0270127353114485E-4
130.0	24.914829012480375	25.45930840920664	25.127269215588967	24.498593362724026	0.0
131.0	25.301403730262393	24.850255147124987	25.110624296348988	24.737593195178373	1.2363108525832316E-4
132.0	24.984151532429845	25.18434712644122	24.707636227377016	25.123865113751915	0.0
133.0	24.9096919182691	25.32471165748832	25.149322364097763	24.616144083455545	1.2997668927158226E-4
134.0	24.97934804421416	25.13694266532422	24.894117342003426	24.987575579745304	0.0020163687128907128
135.0	25.06084115934437	25.221021219399887	24.704348058197674	25.013789563058065	0.0
136.0	24.87937483862332	25.346362143134026	25.370034496857595	24.40422852138506	0.0
137.0	25.136994820261044	25.206994593057473	25.076671435336493	24.578962339529106	3.768118158807033E-4
138.0	24.898946769262512	25.143025033662052	24.901936420931552	25.05609177614388	0.0
139.0	24.708796150216582	25.0708919773734	25.33842532104924	24.881426563380305	4.599879804721261E-4
140.0	24.992103383649905	24.93321542213737	25.106047899595534	24.968633294617188	0.0
141.0	24.812684142515	25.015785824181343	24.787118866262844	25.384411167040817	0.0
