# Position (bp)	A	C	G	T	N
0.0	22.085036507648994	25.321308374859804	23.459328681733073	29.134326435758133	0.0
1.0	35.64003483011721	19.237444715745	23.945745119849214	21.17677533428857	0.0
2.0	25.074759455054522	28.33505368627537	26.640537662507853	19.949649196162262	0.0
3.0	21.90611399727781	26.472358469922426	24.33280714787832	27.288720384921444	0.0
4.0	25.447203284700677	22.906144400251264	22.889961706805703	28.756664398186317	2.6210056038410316E-5
5.0	25.79398288643481	23.228650091770543	23.13137203824095	27.845994983553695	0.0
6.0	25.947629595424665	23.51432080021992	23.11840828220059	27.4195859230084	5.539914641801004E-5
7.0	26.330770029169297	23.433864372238986	23.585583157033927	26.64978244155779	0.0
8.0	26.271028781051996	23.328917287551068	23.858089931973208	26.541218195356663	7.458040670658419E-4
9.0	26.579826169876863	23.234363129288376	23.905394824179922	26.28041587665484	0.0
10.0	26.49955469350152	23.107627467903665	24.15616823044079	26.23664960815402	0.0
11.0	26.5750452104304	23.489968908879835	23.700581923820636	26.19301364098995	0.04139031587918626
12.0	26.04566264270588	23.56745263118895	23.84208307485688	26.544799639856226	2.011392062019102E-6
13.0	26.25765361136972	23.692038001834113	23.766230340887876	26.284078045908288	0.0
14.0	26.42582612611637	23.260698002098845	23.68886369951727	26.624612172267515	0.0
15.0	26.017477410369544	23.586322404110607	23.488273947175568	26.907733233528397	1.9300481588230197E-4
16.0	26.140664296140308	23.636843322439525	23.887523519579357	26.334968861840807	0.0
17.0	26.630827257848082	23.08185251074333	23.719481257116705	26.567788728373277	5.0245918599401044E-5
18.0	26.52471934253008	23.607209570482247	23.411547060238906	26.456524026748767	0.0
19.0	26.125458369676917	23.558147138204657	23.97359646795283	26.34278094513906	1.70790265344679E-5
20.0	26.92613875397948	23.432927218832912	23.58482436863801	26.056109658549598	0.0
21.0	26.286613193714086	23.706549559811705	23.47152385781171	26.535106473314517	2.069153479780785E-4
22.0	25.89859342271652	23.754820945797295	23.970677107494893	26.375908523991292	0.0
23.0	26.110554769929234	23.586331566855794	24.044790153948792	26.2566252950484	0.0016982142177828477
24.0	26.47545667029644	23.657588959176927	23.678613446272628	26.188340924254007	0.0
25.0	26.32541755034933	23.770712435731593	24.16283377136895	25.74080328049138	2.3296205875479852E-4
26.0	26.047705468953787	23.614061443054545	24.412559032312117	25.925674055679547	0.0
27.0	26.649321383457547	23.624353445125188	23.69254322642148	26.033605230305028	1.7671469075812693E-4
28.0	26.505467126162756	23.908467613990553	24.193106954208254	25.392958305638437	0.0
29.0	26.632378126957022	23.54605612647564	24.03237917920444	25.789186567362893	0.0
30.0	26.146192575490705	23.812794301323894	23.861978323348826	26.179034799836572	0.0
31.0	26.017590671741186	24.004873726847993	24.160883104317545	25.81461342786422	0.002039069229050815
32.0	26.64748980045153	23.715480348221558	23.812610921266135	25.824418930060776	0.0
33.0	26.73542878983257	23.907516627891813	23.58357029524788	25.77348428702774	0.0
34.0	26.025190347954595	24.368363853884784	23.995915060260963	25.56725182689596	0.04327891100370001
35.0	26.601343432374176	24.051658038162483	23.831307408050503	25.515689113826852	2.007585984857542E-6
36.0	26.044672658304336	23.93010407612127	23.71255372422066	26.312669541353735	0.0
37.0	26.45472208850146	23.916845988998833	24.315645526319464	25.290996611206147	0.021789784974097916
38.0	26.186478788727108	24.03371463445435	24.101886302280292	25.67788916058839	3.111394986314178E-5
39.0	25.990997432777245	24.26850038965546	23.844886003007105	25.895302037456126	3.14137104065182E-4
40.0	26.097535765792717	24.033588438151956	24.059226276220837	25.809649519834483	0.0
41.0	26.188828631805606	23.857239786695345	24.24709672621691	25.70683485528214	0.0
42.0	25.959314961558714	24.30180973572295	23.89315115503279	25.844819949191873	9.041984936675296E-4
43.0	25.956889349928247	24.27179548724159	24.39954280393629	25.371097986972718	6.743719211522343E-4
44.0	25.710623875329336	23.990237636372136	24.148321969946245	26.150816518352283	0.0
45.0	25.935765855423902	24.211026277719544	23.925375636473714	25.9277971080863	3.5122296538994715E-5
46.0	26.009659757051534	24.79739501751291	24.229603443005022	24.963327733772307	1.4048658230213255E-5
47.0	26.381546638151953	24.110185640650805	24.05223904111252	25.45596245081222	6.622927249552501E-5
48.0	26.04090980271146	24.60143596381306	23.980029939777868	25.377624293697608	0.0
49.0	25.82608400729137	24.510016000796327	24.24429200239139	25.418985858972636	6.221305482756247E-4
50.0	25.777414786468917	24.362192580793945	24.17163351708807	25.688759115649074	0.0
51.0	26.2409150996941	24.121928953152217	24.151860205506324	25.485295741647356	0.0
52.0	25.976292326234134	24.215232564505104	24.383320941942408	25.425154167318347	0.0
53.0	26.191060723087467	23.95100406937631	24.09986276319268	25.75799015484415	8.228949939624595E-5
54.0	25.950520825362666	24.322295613763707	24.007226467775162	25.71934795647256	6.091366259031165E-4
55.0	25.47970700428781	24.523501825480423	24.542140635577503	25.45443376929697	2.1676535729117728E-4
56.0	25.8551842438772	24.141403657777456	24.69861938873904	25.304792709606303	0.0
57.0	25.802310036315244	24.257776815873427	24.284028026835728	25.65588411741222	1.0035633826095331E-6
58.0	26.00492834244916	24.426562307167508	24.77980169831139	24.788707652071945	0.0
59.0	25.96248246693002	24.234270097084817	24.703613110604422	25.099633321756187	1.0036245499170434E-6
60.0	25.65462428515797	24.301284416070633	24.640607213505692	25.403484085265703	0.0
61.0	25.60404814574818	24.59381522471614	24.614720755353055	25.187415874182626	0.0
62.0	25.884159119122398	24.543114378958084	24.398363178745228	25.174363323174294	0.0
63.0	25.698528335173254	24.25595210916039	24.345505981788847	25.697141443356173	0.0028721305213322327
64.0	25.505901413310532	24.692703480457364	24.679490084136898	25.121905022095202	0.0
65.0	25.57854626013641	24.210459994024998	24.655735901079925	25.55525784475867	0.0
66.0	25.350278508962987	24.637882548071314	24.133587635681547	25.87820815257322	4.315471093333735E-5
67.0	25.41039520765874	24.76766306323653	24.616331020612943	25.205610708491783	0.0
68.0	25.345225707825907	24.589180363932993	24.323269937310517	25.742323990930576	0.0
69.0	25.42612595780992	24.594682387568568	24.418198111205438	25.56099354341607	0.0
70.0	25.42728939441853	24.48804916592488	24.835745324690958	25.243603509005847	0.005312605959790368
71.0	25.294025018000877	24.059528371121406	24.945880935589056	25.700565675288665	0.0
72.0	25.218539376375727	24.652593747825247	24.554828516057444	25.57403534839939	3.01134219024614E-6
73.0	24.917866524592743	24.85399067657948	24.76445266597296	25.463690132854815	0.0
74.0	25.542985970442185	24.537378116408988	24.521710539979587	25.395817357375943	0.002108015793294476
75.0	25.477379107723593	24.45270221421093	24.430658822850578	25.639259855214902	0.0
76.0	25.170302270090577	24.71735852576687	24.698961089995567	25.412819946827938	5.581673190464719E-4
77.0	25.232872101652315	24.714507126500667	24.855333160328495	25.197287611518526	0.0
78.0	25.163089816147437	24.94115737163419	24.428916455419923	25.46683635679845	0.0
79.0	25.231246765001064	25.1298823773111	24.61380159254165	25.02506926514619	0.0
80.0	25.55990316832868	24.527793793909915	24.677088119284775	25.2349468441177	2.6807435892753026E-4
81.0	25.329734456632846	24.787499229006492	24.54712998589565	25.33563632846501	0.0
82.0	25.387432618858856	24.993827580168134	24.873003886518404	24.745734910360117	1.0040944864559252E-6
83.0	25.88770697245456	24.607911122206595	24.473477350515203	25.030904554823643	0.0
84.0	25.64227974770005	24.768100758505142	24.1161845363297	25.473434957465102	0.0
85.0	25.428435435254887	24.971940959538998	24.51882271724669	25.08080088795943	0.0
86.0	25.33771348127028	24.762416854020948	24.8286435033776	25.07122616133117	0.0
87.0	25.385386574477565	24.86686506830965	24.368732149064524	25.378781198575336	2.3500957292413332E-4
88.0	25.10459071869314	24.83096908313752	24.719256201193346	25.345114696180744	6.930079525073013E-5
89.0	25.35911507151275	24.976070579478925	24.455357027797884	25.209457321210436	0.0
90.0	25.048372083567255	24.75586848386138	24.383527893767965	25.8122315388034	0.0
91.0	25.04793861687304	24.81180801859416	24.798065350570226	25.342188013962573	0.0
92.0	25.659745061200407	24.75227822543096	24.49625229633756	25.091724417031074	0.0
93.0	25.255993738033176	24.797999611982448	24.729463640472645	25.21654300951173	0.0
94.0	24.99603080112393	24.782477201859013	24.864777735562672	25.35652236953884	1.9189191554236005E-4
95.0	25.121619832522924	24.81011427369714	24.650703773846157	25.417562119933784	0.0
96.0	25.220158090971488	24.742924073067613	24.478604143675913	25.558313692284983	0.0
97.0	25.26125613017153	24.67250141546175	24.804572324556222	25.261670129810494	0.0
98.0	25.48160810479611	24.325004214850036	24.74215001075607	25.45123766959778	0.0
99.0	25.524027786976163	24.42224079654149	24.74973561409537	25.303995802386975	0.0
100.0	25.214143524546678	24.850404789169396	24.859727557864055	25.075724128419875	0.0
101.0	25.495105887967824	24.496893963195937	24.588736616636496	25.419263532199743	0.0
102.0	25.451633378394163	24.36482699977864	24.399761989737808	25.761878806272954	0.021898825816441925
103.0	25.31034710082699	24.619005771645696	24.9044612411765	25.16618588635081	0.0
104.0	25.832058884631987	24.193865726748918	24.725747771099176	25.248327617519923	0.0
105.0	25.631959739953214	24.883330308470462	24.14954737045849	25.33516258111783	0.0
106.0	25.3847921057194	24.84025134194403	24.719401145924174	25.0555554064124	0.0
107.0	25.54864508725253	24.331270382521524	25.037051131270072	25.083033398955873	0.0
108.0	25.157056716124504	24.742130661521532	24.47852335094433	25.622289271409638	0.0
109.0	25.163040205780774	24.928009909029942	24.863672742611538	25.04527714257775	0.0
110.0	25.698165934785138	24.548615949163803	24.428485113612282	25.324733002438776	0.0
111.0	25.703440714860797	24.796317199174478	24.322335080552264	25.177907005412457	0.0
112.0	25.478769158597974	24.78475892450274	24.778190817071557	24.95828109982773	0.0
113.0	25.796244989840034	24.20973726068382	24.65474587045629	25.339271879019858	0.0
114.0	25.49099015148995	24.60026657581846	24.607741670391135	25.30100160230046	0.0
115.0	25.476635824191725	24.87524142556162	24.716821113514513	24.931301636732144	0.0
116.0	25.453796336980528	24.561522621323864	24.842170245005306	25.1425107966903	0.0
117.0	25.44268717303214	24.573510994542726	24.23826740542577	25.745534426999363	0.0
118.0	25.437248615026476	24.60344892115441	24.673466923741604	25.285835540077517	0.0
119.0	25.507502864079374	24.249238905023553	24.781441099916012	25.461812097184257	5.033796811113882E-6
120.0	25.55707452577855	24.45043596917908	24.601358756175845	25.39113074886653	0.0
121.0	24.86296472765267	24.73094129827997	24.835854904399152	25.57022194979468	1.7119873525625162E-5
122.0	25.423487720257864	24.38110638083406	24.54543702955356	25.648397657326893	0.0015712120276200141
123.0	25.537843977458596	24.96023144995938	24.24229826458868	25.259626307993344	0.0
124.0	24.930079438623732	24.74670621765872	24.67638567843135	25.644235358009798	0.002593307276405127
125.0	25.557529470878908	24.684417071492966	24.748467375639706	25.009586081988424	0.0
126.0	25.06578008982037	24.6680043611234	24.459873762216375	25.784590796762117	0.02175099007773472
127.0	25.143785159482395	25.119388583354002	24.687795701754947	24.985244209616155	0.06378634579249941
128.0	25.386332428749874	24.707256036613572	24.746801921431068	25.15960961320549	0.0
129.0	25.304522920411966	25.026073521865005	24.553760614589148	25.115565280328433	7.766280544680522E-5
130.0	25.2038063396202	25.14273541524203	24.92951635835322	24.723941886784548	0.0
131.0	25.65757939258949	24.54896962553858	24.835530155094958	24.957920826776974	0.0
132.0	25.400804949452205	24.902296865613184	24.353344162854548	25.343554022080063	0.0
133.0	25.296397076060355	25.17470849313067	24.687212853741745	24.841681577067227	0.0
134.0	25.29291972191488	24.843553366462192	24.629022733654597	25.23157587025929	0.002928307709040435
135.0	25.443783306826028	24.98546729865514	24.301929068277765	25.268820326241066	0.0
136.0	25.166321816241183	25.11275781580234	25.0362938001272	24.68462656782928	0.0
137.0	25.485186746043944	25.07672342050532	24.762414363371636	24.674967505118293	7.079649608058223E-4
138.0	25.190776130420588	24.811894900948307	24.7146348286769	25.282694139954202	0.0
139.0	24.976553722079153	24.769623659915993	25.118837511341553	25.13466601635927	3.190903040295465E-4
140.0	25.17071354914688	24.62401212079519	24.989359907248645	25.215914422809288	0.0
141.0	24.946157216515317	24.85113746131735	24.5478301092995	25.654875212867832	0.0
