# Position (bp)	A	C	G	T	N
0.0	17.368390708620936	31.975154249488686	33.04972518441029	17.605238492141474	0.001491365338610175
1.0	22.291070417815202	19.3559862713718	23.123725420105178	35.20042558739171	0.028792303316104422
2.0	25.386472994756247	22.97684493098335	24.20503825933928	27.43130759126686	3.3622365425792564E-4
3.0	30.334005347927377	22.952051462423356	27.005384186904397	19.708556960530103	2.0422147643488894E-6
4.0	33.644109610836786	18.471028675822332	25.81461076719006	22.070250946150825	0.0
5.0	35.9094926000903	20.572543750412724	20.035621355832298	23.48159156296196	7.507307027171902E-4
6.0	17.50491147577335	21.390612963371808	20.296079393262456	40.808396167592385	0.0
7.0	21.415543964790118	29.138657153591645	21.485509713638947	27.96028916797929	0.0
8.0	21.6749637189824	25.595939603433248	23.67208805786653	29.057008619717823	0.0
9.0	35.24677937396237	19.338441292909007	24.25962693307325	21.15515240005538	0.0
10.0	24.70011753389888	28.6378163677141	26.90371286904569	19.758353229341328	0.0
11.0	21.72254081068472	26.71065743670475	24.455750433768355	27.111051318842172	0.0
12.0	25.340157228189184	23.050450152698694	23.131109000454376	28.47828361865774	0.0
13.0	25.56179968604416	23.451662900193	23.295664388565367	27.690873025197465	0.0
14.0	25.786225218694714	23.784757814358674	23.31238016696707	27.116611351778708	2.5448200838666835E-5
15.0	26.03415146826345	23.68615596633827	23.857354313343507	26.42233825205477	0.0
16.0	26.119807761769277	23.426623077319018	24.143915023526453	26.308844097960144	8.100394251072859E-4
17.0	26.34930397130415	23.40039855166251	24.13096331765077	26.119334159382568	0.0
18.0	26.193495166995046	23.344166423250165	24.473501320512696	25.98883708924209	0.0
19.0	26.35616120744683	23.62106158870267	23.96011492434765	26.02126952701064	0.041392752492204324
20.0	25.911402345063316	23.71568306889235	24.043489094841835	26.329422439753046	3.051449451712511E-6
21.0	25.981732396131424	23.857685885521988	24.050638820589093	26.10994289775749	0.0
22.0	26.137613473854255	23.49956348230718	23.924965858792323	26.437857185046244	0.0
23.0	25.826519276881	23.78961361146612	23.661688752532964	26.722066503802612	1.1185531730282581E-4
24.0	25.868966968485584	23.861190804296832	24.114900982405796	26.154941244811784	0.0
25.0	26.448103243080904	23.351323224914786	23.92723528740753	26.273319944277564	1.8300319218568236E-5
26.0	26.34538876726742	23.803009553672133	23.619412829826246	26.232188849234202	0.0
27.0	25.912527837462875	23.7745318062483	24.22095282179591	26.09195907173892	2.8462754000981378E-5
28.0	26.529423714668592	23.686659067488506	23.857047980920346	25.926869236922556	0.0
29.0	26.080751470859088	23.876154880758556	23.741696924678653	26.30124629715652	1.5042654717947228E-4
30.0	25.746187039117167	23.9424044960616	24.20007130998135	26.11133715483988	0.0
31.0	25.972741611558813	23.80197679419749	24.230043683532397	25.993506175359123	0.0017317353521790245
32.0	26.180141822854402	23.860990249913762	23.942380444971885	26.016487482259947	0.0
33.0	26.061756525130292	23.947124244739527	24.417101353906112	25.573785174547748	2.3270167631885783E-4
34.0	25.888201776501095	23.78568684544938	24.520777924194242	25.805333453855283	0.0
35.0	26.354259966441674	23.789662675766806	23.915638740324702	25.940262844945316	1.757725215020341E-4
36.0	26.224978222872398	24.05464244246984	24.420624370077682	25.299754964580085	0.0
37.0	26.447783792510876	23.750141810828605	24.250825596306218	25.551248800354298	0.0
38.0	26.058969593220972	24.031378283971904	24.056672865532228	25.8529792572749	0.0
39.0	25.88314166879215	24.20390688628026	24.381264717495647	25.52999135563544	0.0016953717965078857
40.0	26.39347934694087	23.871840957215905	24.070818742238558	25.66386095360467	0.0
41.0	26.41410021369014	24.064903248487905	23.84816187088643	25.672834666935522	0.0
42.0	25.806690365104686	24.50617809475097	24.231498486919474	25.41188737231101	0.043745680913864035
43.0	26.29733958650214	24.200464289232084	24.111046878716987	25.391148229891968	1.0156568170367574E-6
44.0	25.96294114474132	24.10228472282264	23.915115504349952	26.01965862808609	0.0
45.0	26.26805415496224	24.1382451660721	24.512705324413297	25.05932678865323	0.02166856589913504
46.0	26.05984101251204	24.138692522313296	24.35591371090251	25.44554259876648	1.015550567284008E-5
47.0	25.865075714885883	24.3558220343484	24.062369157911874	25.716501556624166	2.3153622968231504E-4
48.0	25.859941086378825	24.232390890935164	24.318235548002683	25.58943247468333	0.0
49.0	26.02610264060548	24.081653073817634	24.414004365915446	25.478239919661437	0.0
50.0	25.940328600560527	24.369248986796507	24.074196469749413	25.61535065115968	8.752917338717927E-4
51.0	25.74206842882737	24.44501442066926	24.60952905477499	25.20275956493891	6.285307894793491E-4
52.0	25.659729183779277	24.170879443082747	24.310249688421777	25.859141684716203	0.0
53.0	25.8297843146375	24.358942141692275	24.104179980849	25.70706310284544	3.0459975789802046E-5
54.0	25.78356006388256	24.775599151810468	24.494082596593618	24.946755141799525	3.0459138309555793E-6
55.0	26.16357380336258	24.273398226185687	24.25853249348949	25.30439597950259	9.949745965218104E-5
56.0	25.960721357612552	24.65210436106712	24.178844624053294	25.208329657267033	0.0
57.0	25.778209223950803	24.655915269707506	24.4352291173293	25.13009409748173	5.522915306581089E-4
58.0	25.721186025999742	24.429926820837927	24.352660750978647	25.496226402183687	0.0
59.0	26.017224006694985	24.334024874550057	24.29723955045885	25.351511568296107	0.0
60.0	25.801576868600723	24.427056561047316	24.577271118683083	25.194095451668876	0.0
61.0	26.001728926135414	24.140489273325258	24.33597185102859	25.521739901536307	7.004797443642826E-5
62.0	25.865945548566522	24.4534155124692	24.208232556526582	25.471870367992594	5.360144451020096E-4
63.0	25.455289835547283	24.65114101403342	24.6813932013427	25.211977990132795	1.9795894380233897E-4
64.0	25.847138206973653	24.28748747552093	24.727547563986725	25.137826753518688	0.0
65.0	25.722084205475536	24.451401493256817	24.407023921465374	25.41948834948903	2.0303132467777633E-6
66.0	25.692051258585792	24.631826546853027	24.890124389408637	24.785997805152547	0.0
67.0	25.80929290291969	24.40801035974828	24.767383542799006	25.01531217938895	1.0151440715307057E-6
68.0	25.571825665434826	24.51082505350806	24.649357233262666	25.267992047794447	0.0
69.0	25.46504161460455	24.719974106711913	24.77744504086868	25.037539237814855	0.0
70.0	25.70284705853596	24.60221522928208	24.598121366811256	25.096816345370705	0.0
71.0	25.555343716522806	24.41723044869815	24.51102928047412	25.513843590559677	0.0025529637452552686
72.0	25.32096936220045	24.812808772162015	24.845243280229134	25.0209785854084	0.0
73.0	25.42643737860533	24.314418473849482	24.823654097231298	25.43549005031389	0.0
74.0	25.251972878345974	24.737444589659454	24.339636807095903	25.670937604010806	8.120887861542435E-6
75.0	25.27980472421666	24.889003439059838	24.725286588742662	25.105905247980846	0.0
76.0	25.242271719884208	24.605398707295382	24.519315581490396	25.633013991330007	0.0
77.0	25.290550961734194	24.703593657005978	24.548013902997774	25.45784147826206	0.0
78.0	25.15738003861618	24.66334796350391	24.982483945414334	25.191765989957194	0.005022062508384697
79.0	25.20221486145949	24.25905564589424	25.041993994585432	25.49673549806084	0.0
80.0	25.110486507330943	24.736443694203388	24.65096391551924	25.50210486772304	1.0152233863529349E-6
81.0	24.80652421159981	24.925156393206034	24.942597405168495	25.325721990025656	0.0
82.0	25.392223072868052	24.633887871252234	24.70074602088319	25.271124660437415	0.0020183745591075
83.0	25.344959392876305	24.56253812811412	24.513185873912242	25.57931660509734	0.0
84.0	24.998267058442607	24.785121592794994	24.848969586908666	25.36711378200323	5.279798505018962E-4
85.0	25.105213970611977	24.738487132357793	24.95144236148807	25.20485653554216	0.0
86.0	25.135083851036594	24.85668669365465	24.556653009192814	25.451576446115943	0.0
87.0	25.125837099297936	25.140066628478223	24.854496133671507	24.879600138552334	0.0
88.0	25.478929018110758	24.633026410087236	24.818333347093247	25.069469537669043	2.416870397162992E-4
89.0	25.24394395950327	24.90252752396706	24.633405937920692	25.220122578608983	0.0
90.0	25.214335822265415	25.06675075667039	25.074534159913696	24.644379261150494	0.0
91.0	25.64785855231139	24.69692961366793	24.6397509868211	25.015460847199584	0.0
92.0	25.446357963994217	24.820565053207268	24.35240870792822	25.380668274870295	0.0
93.0	25.297261313211433	25.04273710022749	24.726790018235295	24.93321156832578	0.0
94.0	25.24683481434984	24.778101976201164	24.997438467114524	24.977624742334477	0.0
95.0	25.37196007291515	24.871065872217553	24.488290497913447	25.26851188147216	1.7167548169473606E-4
96.0	25.09617507728003	24.967956540628062	24.839761369448293	25.096059265809117	4.774683449916034E-5
97.0	25.304066525560316	24.982278736466903	24.61922193137979	25.094432806592998	0.0
98.0	25.018454157837866	24.840045761780004	24.455708136478908	25.68579194390322	0.0
99.0	24.94189566538585	24.94464620851905	24.927445915146752	25.18601221094835	0.0
100.0	25.538190622220625	24.824863185430175	24.679771526949146	24.95717466540005	0.0
101.0	25.2298574247552	24.890732074042532	24.752286892674967	25.127123608527302	0.0
102.0	24.94949792552935	24.908372045568807	24.97084748714481	25.171072166203434	2.1037555359640922E-4
103.0	25.100000892388678	24.856147046627473	24.78531598212629	25.258536078857563	0.0
104.0	25.202618662356386	24.865781844465225	24.489939904891457	25.44165958828693	0.0
105.0	25.233127991796778	24.77655473301246	24.8998572446147	25.09046003057606	0.0
106.0	25.400218026985506	24.457301333919794	24.839637480015682	25.302843159079018	0.0
107.0	25.47012227641191	24.580260195715912	24.743835847769724	25.20578168010245	0.0
108.0	25.142275261034612	24.96969763773612	24.922312462058176	24.96571463917109	0.0
109.0	25.46252004163005	24.52875448909123	24.72261651806589	25.28610895121283	0.0
110.0	25.402180300018824	24.535249584481342	24.50571998868449	25.53518654651387	0.021663580301471197
111.0	25.278652125456226	24.762590565882356	25.01240962941673	24.94634767924469	0.0
112.0	25.771777925135098	24.41279371580829	24.83827416387976	24.97715419517685	0.0
113.0	25.59965535174107	24.919579800655782	24.340334600528653	25.140430247074498	0.0
114.0	25.286004635670796	24.986021992241916	24.87837400849557	24.849599363591715	0.0
115.0	25.465101994519067	24.5297631763476	25.14876374981403	24.856371079319306	0.0
116.0	25.131251727980786	24.9294275421238	24.63691957619791	25.302401153697506	0.0
117.0	25.06504913019063	25.060150556422805	25.029005114937625	24.84579519844894	0.0
118.0	25.586147088088225	24.705595871768573	24.617735317052492	25.090521723090713	0.0
119.0	25.625541677648595	24.927910304662866	24.47467979316194	24.971868224526602	0.0
120.0	25.287475962934696	24.962885128378748	24.931102717165984	24.81853619152057	0.0
121.0	25.598658955045632	24.458435201448076	24.88995350649738	25.05295233700891	0.0
122.0	25.372134706339477	24.76408204517431	24.71521805077379	25.148565197712426	0.0
123.0	25.282883380385623	25.037169822310805	24.886472870819112	24.79347392648446	0.0
124.0	25.322174771668713	24.71972981620995	24.967873387113166	24.990222025008173	0.0
125.0	25.367903230657014	24.751750506279496	24.468406273431196	25.41193897019208	1.0194402151834405E-6
126.0	25.271745589237284	24.86877190731322	24.84451713387602	25.01496536957348	0.0
127.0	25.38014980593472	24.492705912378913	24.857743802013317	25.26939843986522	2.039807828888517E-6
128.0	25.368197442613155	24.691724813771838	24.62988109923076	25.31019664438425	0.0
129.0	24.76497516569038	24.90116138957847	24.95920591924201	25.374642219194726	1.5306294410511692E-5
130.0	25.19555625044387	24.514352373171196	24.755732160074423	25.532779182354474	0.0015800339560320645
131.0	25.35614313755791	24.953990320733123	24.450850831931454	25.23901570977751	0.0
132.0	24.774607378461543	24.930083705098685	24.87228741254431	25.420740944773446	0.002280559122014356
133.0	25.338256666058694	24.817284184228832	24.900406646531874	24.9440525031806	0.0
134.0	24.96131735247707	24.84165367434155	24.58437538668851	25.591424170176424	0.021229416316447213
135.0	24.945195278340737	25.19677729251829	24.848128387152315	24.945000011808002	0.06489903018065088
136.0	25.186780451850225	24.836464446821115	24.862269270755327	25.114485830573326	0.0
137.0	25.173884354077753	25.13784708433154	24.662895084315252	25.02528855369609	8.492357936843643E-5
138.0	25.05460544213119	25.296639240530173	24.966604132542315	24.68215118479632	0.0
139.0	25.452064430193115	24.67993700291439	24.958780339652705	24.90921822723979	0.0
140.0	25.262223815589742	24.992059148891794	24.45434064663545	25.291376388883013	0.0
141.0	25.05567614190006	25.24362768730638	24.87470042217176	24.825995748621796	0.0
142.0	25.176219025322748	24.988201786679376	24.73450980243676	25.098406687883905	0.002662697677213381
143.0	25.291925565099604	25.01527904131696	24.480610679345833	25.212184714237612	0.0
144.0	25.061791468714755	25.228266463913247	25.113614167066917	24.596327900305077	0.0
145.0	25.31819577503463	25.075236494498693	24.908170659783032	24.697810369150854	5.867015327948093E-4
146.0	25.097344734232646	24.924237599884854	24.78278359336002	25.195634072522477	0.0
147.0	24.858044868494964	24.882408058574274	25.171730357264423	25.087533962729676	2.827529366652926E-4
148.0	25.098125641666723	24.755385196357974	24.99633868082119	25.150150481154114	0.0
149.0	24.982765649932993	24.848998125642062	24.628024137395148	25.540212087029797	0.0
