# Position (bp)	A	C	G	T	N
0.0	21.4806648211119	25.857197583064057	23.955931105998886	28.70620648982516	0.0
1.0	34.93934484565264	19.602264463102276	24.59929650236221	20.85909418888287	0.0
2.0	24.201833374563485	29.002934572422483	27.211237547567972	19.583994505446057	0.0
3.0	21.351170187447018	26.97184069239778	24.831600092209182	26.84538902794602	0.0
4.0	25.036383796873825	23.359628240644952	23.458955825560157	28.144980669700605	5.146722046502709E-5
5.0	25.277197335958128	23.773326769405084	23.590279835390195	27.359196059246592	0.0
6.0	25.439471085225673	24.10401529591034	23.66583156648174	26.79068205238224	0.0
7.0	25.672861716263807	23.934360101135322	24.227083974450647	26.165694208150224	0.0
8.0	25.865697615857968	23.670054733939	24.423196764939938	26.041006126278294	4.475898480256746E-5
9.0	26.03938004975528	23.671978807511575	24.448260340631496	25.84038080210165	0.0
10.0	25.90462574000571	23.620248509470372	24.813162702201684	25.661963048322235	0.0
11.0	26.115530489947638	23.861511982406284	24.305867794627858	25.717089733018216	0.0
12.0	25.721511380996553	23.972945992200874	24.332117682694378	25.973424115872902	8.282352966120969E-7
13.0	25.723148430431685	24.103448814129198	24.395505933215045	25.777896822224072	0.0
14.0	25.85266888266068	23.82688307562822	24.238909819573436	26.081538222137667	0.0
15.0	25.65798109073114	24.05107877404432	24.01906277149039	26.270698484732346	0.0011788790018047363
16.0	25.73177203975171	24.07537926105169	24.433964663833727	25.75888403536287	0.0
17.0	26.21116769724213	23.622200468823305	24.243935769214485	25.922634819143305	6.124557678650948E-5
18.0	26.145017725859894	24.039874909384608	23.926772834250798	25.888334530504697	0.0
19.0	25.730738461191187	24.041931183601296	24.465491464402444	25.76182647909741	1.2411707662647403E-5
20.0	26.258131516683637	23.935171269858785	24.150606308540315	25.65609090491726	0.0
21.0	25.86716978001528	24.123613922605987	24.054171328622935	25.95494569532234	9.927343345880861E-5
22.0	25.56789432940809	24.18390750554123	24.496792524674643	25.751405640376028	0.0
23.0	25.76621644508496	24.03139261042573	24.495955224943767	25.706169384109728	2.66335435817246E-4
24.0	25.96206257918585	24.11008437090114	24.188069539559823	25.73978351035318	0.0
25.0	25.79289448486036	24.197588429340783	24.684392991534658	25.32506620444791	5.788981629477257E-5
26.0	25.73104096283709	24.03482192637359	24.69679615649356	25.537340954295768	0.0
27.0	26.08343340369907	24.116671083629246	24.172978777817097	25.62652232136039	3.944134941937331E-4
28.0	25.95051856328591	24.28646379427982	24.637961649280467	25.125055993153804	0.0
29.0	26.146336575496047	23.970047770551876	24.51011435880388	25.373494681132954	6.6140152471239985E-6
30.0	25.812241002497142	24.261964482222577	24.297681291679876	25.62811322360041	0.0
31.0	25.628057604268324	24.391368221234195	24.66224771845746	25.316441737650834	0.0018847183891807907
32.0	26.104139655742458	24.141331892803976	24.330392691574506	25.424135759879057	0.0
33.0	26.06347780896816	24.286938095302055	24.146581794850867	25.50300230087892	0.0
34.0	25.59958220378758	24.648504546450507	24.541054492270085	25.210858757491835	0.0
35.0	25.998946521916942	24.344290059119814	24.426161678183064	25.2305728149679	2.892581227503208E-5
36.0	25.710247652471185	24.355811182067495	24.227572691183838	25.70636847427748	0.0
37.0	25.92864054602191	24.3899616472523	24.766862476304713	24.914535330421078	0.0
38.0	25.813559265311763	24.35541664891795	24.591244940272794	25.239779145497494	0.0
39.0	25.643491924996614	24.549235178808456	24.308905109990853	25.498362828508668	4.957695406696858E-6
40.0	25.61578345809476	24.43851905201609	24.606219632790697	25.33947785709845	0.0
41.0	25.78755362480693	24.312190631198284	24.639228915860144	25.261026828134643	0.0
42.0	25.67677231061583	24.561567761395168	24.36657009674873	25.394454490150054	6.353410902173855E-4
43.0	25.54392396897624	24.613570721289875	24.844439779722073	24.99508885037592	0.0029766796358910268
44.0	25.50037146554125	24.374476754627477	24.57306205370922	25.552089726122055	0.0
45.0	25.608422718470724	24.571971122214787	24.3790969447202	25.440509214594293	0.0
46.0	25.539776661686954	24.92508062383325	24.770498965073283	24.764247233672876	3.965157336410515E-4
47.0	25.848687921222734	24.47885349106232	24.554702908384293	25.11763507626244	1.2060306820813909E-4
48.0	25.660486898173367	24.82028517601293	24.435097727653673	25.084130198160032	0.0
49.0	25.49694631210368	24.80568097706779	24.724478377705744	24.972678746614736	2.155865080511649E-4
50.0	25.523330221269884	24.61661186380503	24.618618181218668	25.24143973370642	0.0
51.0	25.773558570340523	24.548988513835738	24.51389474351767	25.163558172306068	0.0
52.0	25.532529914928208	24.663006627401078	24.804277410956246	25.000186046714468	0.0
53.0	25.748542975506624	24.394334548042476	24.578650786370055	25.278400659127602	7.103095324935101E-5
54.0	25.60608654150994	24.66965881786888	24.449099201652057	25.274810200283447	3.452386856796273E-4
55.0	25.219870070366333	24.842542653099276	24.911262516046083	25.026305764324086	1.8996164220187842E-5
56.0	25.57621509335486	24.500656808334938	24.957975061195942	24.965153037114266	0.0
57.0	25.467548094830793	24.67221550839657	24.63536801948831	25.224868377284327	0.0
58.0	25.444022047285035	24.826562488618244	25.092194180109672	24.637221283987046	0.0
59.0	25.569972239571005	24.60447246244745	24.95585520197368	24.869325145921035	3.7495008683439333E-4
60.0	25.344902312093076	24.724571403257226	24.83473053643959	25.095795748210108	0.0
61.0	25.20846399045048	24.9022065570913	25.02508629037235	24.864243162085867	0.0
62.0	25.466661147892022	24.768306022968993	24.829525937643474	24.935506891495514	0.0
63.0	25.33761902324129	24.684744900432044	24.68995011491896	25.28169455555293	0.005991405854768768
64.0	25.126560869074133	24.979736378729324	25.055180168118213	24.838522584078326	0.0
65.0	25.268841623901928	24.57225118900435	24.977141535348554	25.18119335397955	5.722977656190425E-4
66.0	25.10751463594779	24.90718880256417	24.55761206413806	25.427666329153887	1.8168196088811858E-5
67.0	25.064467268270608	25.060433121968018	24.987466687840772	24.887632921920606	0.0
68.0	25.133593478619765	24.80306038795451	24.783355381342666	25.279990752083066	0.0
69.0	25.16203780551797	24.9237733901967	24.727580897092796	25.18660790719254	0.0
70.0	25.017212548702407	24.88450683316505	25.1879266769292	24.905888629900282	0.0044653113030548065
71.0	25.060385047643518	24.54572915526737	25.1790000899267	25.21488570716241	0.0
72.0	25.003552641885896	24.918736026712267	24.857148366806733	25.220525800909428	3.7163685677970304E-5
73.0	24.774244592463237	25.08608308373142	25.123145638613043	25.016526685192304	0.0
74.0	25.23599917395468	24.821726957500083	24.9010981686975	25.0411674410463	8.258801435660489E-6
75.0	25.203340960432012	24.809496314743576	24.72972161253619	25.25744111228822	0.0
76.0	24.920401193117375	24.978246334971193	25.047230536024053	25.05388407357187	2.3786231551299698E-4
77.0	25.011023703001506	24.90880233475538	25.073213014547257	25.006960947695863	0.0
78.0	25.023518519133393	25.034116286223263	24.78148372274325	25.160881471900094	0.0
79.0	24.953300630090872	25.22868393760061	25.099716564336465	24.718298867972056	0.0
80.0	25.276688191218692	24.818025223122127	25.003931696584562	24.90135406308794	8.259866774296034E-7
81.0	25.073670317398918	25.041873092223277	24.834599292970793	25.04985729740701	0.0
82.0	25.026361764868977	25.19869260019199	25.2673292150208	24.507616419918236	0.0
83.0	25.42025231436917	24.843039327279755	24.86261186161004	24.874096496741043	0.0
84.0	25.25899087677307	24.99825325711581	24.58442099640955	25.15833486970157	0.0
85.0	25.087380958675066	25.179634268040417	24.964377647657503	24.768607125627014	0.0
86.0	25.094366016679757	24.949438227820057	25.142131962208335	24.814063793291847	0.0
87.0	25.13111599570494	25.07984133705249	24.73645958115005	25.05258308609253	0.0
88.0	24.899184079733523	25.106388955385356	25.099053253240143	24.895373711640975	0.0
89.0	25.11758130950843	25.081421956458204	24.864064297071923	24.93693243696144	0.0
90.0	24.867750538284888	25.028431238145803	24.71600407202091	25.387805062806184	9.088742214583418E-6
91.0	24.802641748737663	25.12666157434658	25.11149434431542	24.959202332600334	0.0
92.0	25.29574796087263	24.953690713693668	24.942766802322584	24.807794523111113	0.0
93.0	25.02388280191844	25.05434873417555	24.962646840000755	24.959121623905254	0.0
94.0	24.778769925515594	25.092058062872525	25.22762880319428	24.901510979253246	3.222916436586243E-5
95.0	24.95255922897176	25.01955592220215	25.004868681464863	25.023016167361224	0.0
96.0	25.001323585725714	25.045718874160546	24.772847812832236	25.1801097272815	0.0
97.0	24.98367645237587	24.98634111655512	25.162445333885398	24.867537097183607	0.0
98.0	25.2068805753304	24.716701392592874	25.023384393909392	25.05303363816734	0.0
99.0	25.207178158908246	24.848281620551056	24.926891109127975	25.017649111412727	0.0
100.0	24.93204329399721	25.150367435703142	25.155276856314217	24.762312413985427	0.0
101.0	25.19141893649773	24.798549642242126	24.98394141778947	25.026090003470674	0.0
102.0	25.187679004815465	24.794335825143392	24.76742648226402	25.250558687777126	0.0
103.0	25.069346710834218	24.973883212914537	25.21097189966491	24.74579817658634	0.0
104.0	25.42958506795235	24.698323963959744	25.02995626435015	24.842134703737756	0.0
105.0	25.29367263264351	25.12984705282434	24.58469726827353	24.991783046258615	0.0
106.0	25.0464158160005	25.125340420345253	25.101411319153705	24.72683244450054	0.0
107.0	25.22614413113744	24.73317081917873	25.24201656431016	24.798668485373664	0.0
108.0	24.939135090684832	25.08164978385806	24.831386876677584	25.14782824877952	0.0
109.0	24.882771260617474	25.207419962309675	25.205120621672894	24.70468815539996	0.0
110.0	25.25477556799491	24.900972195387606	24.865834217531578	24.97841801908591	0.0
111.0	25.29061484119916	25.097725586727844	24.714928400361778	24.896731171711224	0.0
112.0	25.05265757334464	25.155579363191695	25.122275881324907	24.66948718213876	0.0
113.0	25.30817194385586	24.71859061562541	25.033151420405446	24.940086020113277	0.0
114.0	25.12795866956445	25.013130023298192	24.86000144203955	24.99890986509781	0.0
115.0	25.00773342322877	25.188989538367718	25.11412291809304	24.689154120310466	0.0
116.0	25.135620541511578	24.906260940127083	25.09591229224755	24.862206226113788	0.0
117.0	25.09582057648575	24.978340161465695	24.684023759377915	25.24181550267064	0.0
118.0	24.990048492502023	25.080425314807425	25.071130619220416	24.858395573470133	0.0
119.0	25.134398674923265	24.749575818190632	25.029068670573373	25.086956836312734	0.0
120.0	25.12461137339681	24.926439127197966	24.838861534344854	25.11008796506037	0.0
121.0	24.655903695404746	25.10784051395837	25.171774800577445	25.064480990059433	0.0
122.0	25.04421656124031	24.80061461833762	24.92601008879518	25.228501196271296	6.575353555891163E-4
123.0	25.13798097254396	25.16636975202547	24.69003608089967	25.005613194530895	0.0
124.0	24.63474055457565	25.13674513934984	25.11148006586116	25.113493816472666	0.003540423740676701
125.0	25.13948276720846	25.015367735520055	25.04891345826559	24.796231068041795	4.970964101586225E-6
126.0	24.816491016133828	25.054001672306107	24.79486275358881	25.334644557971252	0.0
127.0	24.825643685230926	25.330173554714648	25.084304762399825	24.75959123830511	2.8675934949851594E-4
128.0	25.014986576821812	25.025094786223057	25.045481139659575	24.914437497295552	0.0
129.0	24.973873074765407	25.294260599973235	24.84513468412961	24.886535964880423	1.956762513206074E-4
130.0	24.844301695842642	25.398836955064642	25.19466185867915	24.562199490413565	0.0
131.0	25.217608651855905	24.871171540340274	25.1018442518544	24.809258590371	1.1696557842390227E-4
132.0	25.031681419741837	25.152340496830384	24.723767560410195	25.092210523017588	0.0
133.0	24.87283811134735	25.362216556222617	25.113340905123394	24.6514558458195	1.4858148714679245E-4
134.0	25.022046420574423	25.09406908786173	24.909328865889936	24.972549990012098	0.0020056356618065757
135.0	25.031695596882038	25.231812617828513	24.69870463699365	25.037787148295802	0.0
136.0	24.837573383174956	25.356811447234296	25.302961087014474	24.50265408257628	0.0
137.0	25.09985677798904	25.186163559433304	25.06739954819083	24.64619638441127	3.83729975558981E-4
138.0	24.930430333916227	25.09427039579957	24.944671715567605	25.0306275547166	0.0
139.0	24.71756069610505	25.105433961447275	25.33259318021689	24.84394186019498	4.703020358057617E-4
140.0	24.935427234970145	24.930494484150298	25.12897280003312	25.005105480846435	0.0
141.0	24.794270264350132	25.096332612772905	24.81322375715194	25.29617336572502	0.0
