# Position (bp)	A	C	G	T	N
0.0	17.099032553149236	32.35453228998802	32.92059266806392	17.624364399523373	0.0014780892754488488
1.0	22.10115747001692	19.7253902492654	23.395142173514206	34.7492167460233	0.029093361180173492
2.0	25.18243568929355	23.290826359271584	24.59658954334652	26.92981528106625	3.331270220975786E-4
3.0	30.167481577036703	23.321807948194554	27.317267896874668	19.19344054199662	2.035897452863248E-6
4.0	33.456097423415976	18.864838597471838	26.16071267255749	21.51835130655469	0.0
5.0	35.71233171411397	21.0305232462364	20.315105109607455	22.941348454254687	6.914757874872005E-4
6.0	17.3249176208577	21.86697235177561	20.618201801512022	40.189908225854666	0.0
7.0	21.182820279586	29.737692886647604	21.683505109625393	27.395981724141006	0.0
8.0	21.382064168549352	26.107837535180135	23.867964304505843	28.642133991764673	0.0
9.0	34.878276515416594	19.76748806302999	24.589826089109806	20.764409332443606	0.0
10.0	24.11691522976216	29.19219430338216	27.23576267736983	19.455127789485854	0.0
11.0	21.33376105776204	27.171838052322055	24.777980713919725	26.71642017599618	0.0
12.0	24.942833393348597	23.470807928617425	23.50415226066013	28.08220540220207	1.0151717725966095E-6
13.0	25.11922061616615	24.009849849598687	23.65453752206035	27.21639201217482	0.0
14.0	25.3980290613018	24.307459462847426	23.657555454787378	26.63693267943486	2.3341628542175856E-5
15.0	25.675325174642495	24.161878853771785	24.202536370278395	25.960259601307328	0.0
16.0	25.772190128954538	23.914243235472146	24.470647426803982	25.8420750822161	8.441265532385138E-4
17.0	25.96048295120989	23.884730014539226	24.522552051823197	25.632234982427686	0.0
18.0	25.809996489819614	23.78622829017943	24.86307547670889	25.540699743292066	0.0
19.0	25.937874068640305	24.126954733756158	24.326226765115123	25.567547794551416	0.041396637936998305
20.0	25.56228861018777	24.15309046457178	24.41929820757604	25.86531460479015	8.112874257284108E-6
21.0	25.608285374989322	24.32737312174363	24.431166029633193	25.633175473633855	0.0
22.0	25.67256479740297	23.9773044643351	24.339996235289632	26.0101345029723	0.0
23.0	25.49177866723788	24.26592404435376	24.090054753191314	26.152144192460792	9.834275625912104E-5
24.0	25.528830912109086	24.347047804908392	24.473915826998642	25.650205455983883	0.0
25.0	26.15015753766443	23.796792327418846	24.32442196487847	25.728610937740683	1.723229757493728E-5
26.0	25.9722656185937	24.249090507445324	24.029618673085245	25.74902520087573	0.0
27.0	25.522554234354033	24.28532378446532	24.544991911976354	25.64710371724756	2.635195673414119E-5
28.0	26.134666387673395	24.114060046754684	24.188510954083817	25.562762611488104	0.0
29.0	25.725208236024233	24.345848498300498	24.07099384033088	25.857788288621492	1.6113672289801173E-4
30.0	25.37659957221275	24.42644733141189	24.55671099674085	25.640242099634513	0.0
31.0	25.62317503192155	24.216679123445413	24.585857876308584	25.57259364644699	0.0016943218774610482
32.0	25.839204730136583	24.30523035951562	24.271706928341622	25.583857982006176	0.0
33.0	25.57289040206329	24.457962421910914	24.809361789845994	25.159532070603145	2.5331557665446886E-4
34.0	25.52730569042242	24.204482460206382	24.820615338329453	25.44759651104175	0.0
35.0	25.900754711907698	24.324408827107376	24.265152304723305	25.50954839320317	1.3576305844829653E-4
36.0	25.784906220272674	24.522390508592647	24.777532032881805	24.91517123825287	0.0
37.0	26.02537141798647	24.196909145777205	24.618725987492304	25.15899344874402	0.0
38.0	25.676115494657637	24.462846796644403	24.3589383574723	25.50209935122566	0.0
39.0	25.5035334481862	24.615284453410453	24.774995503055415	25.10446652733981	0.0017200680081258931
40.0	25.8777071981373	24.385507000310803	24.452529743875058	25.284256057676842	0.0
41.0	25.93042841300159	24.566827560820954	24.231759386046125	25.270984640131328	0.0
42.0	25.423453429495623	24.956536066608617	24.62184379788211	24.954576906188887	0.04358979982475948
43.0	25.821645609227893	24.60893454620242	24.55203122832691	25.017386590276384	2.0259663857127394E-6
44.0	25.485746831172463	24.556274193794927	24.314205699610334	25.643773275422276	0.0
45.0	25.785206747193605	24.612691925698865	24.960221376405965	24.619950693256364	0.021929257445197647
46.0	25.62479479885048	24.56333362515921	24.717851426552972	25.09401407184182	6.077595518453995E-6
47.0	25.450271004679557	24.826177014591526	24.462816363100536	25.260520882232274	2.1473539610653326E-4
48.0	25.422674849363453	24.73847989343575	24.731778554497893	25.10706670270291	0.0
49.0	25.57858770157776	24.57640631333435	24.790348718858557	25.05465726622934	0.0
50.0	25.455104773183933	24.86728843478761	24.474619807662858	25.202132104012687	8.548803529108159E-4
51.0	25.280843583685016	24.897853352730426	25.044218820288762	24.776456260943036	6.279823527640425E-4
52.0	25.204891368921935	24.660738583584845	24.735083125922944	25.399286921570273	0.0
53.0	25.354097694085688	24.817214652774915	24.555911505280033	25.272740699070972	3.544878839636781E-5
54.0	25.273717897186916	25.291159864058194	24.873747800016595	24.561373425907053	1.0128312450660559E-6
55.0	25.66997109339797	24.690794764948638	24.675170149499827	24.963969800850215	9.419130334734623E-5
56.0	25.418545428367796	25.14839589268997	24.568073692628772	24.864984986313463	0.0
57.0	25.31085719437553	25.09918328145953	24.88743341045915	24.701934653422047	5.914602837407153E-4
58.0	25.312124508661537	24.91033478759884	24.750890129875984	25.02665057386364	0.0
59.0	25.51088283447936	24.825863548192302	24.654988268288548	25.00826534903979	0.0
60.0	25.304935139119266	24.93966329008093	24.964831332338935	24.79057023846087	0.0
61.0	25.502648200252636	24.632581977370254	24.76220626049687	25.1024815243998	8.203748043330131E-5
62.0	25.328126268061485	24.928234018187943	24.71718706175681	25.025892571722203	5.600802715552742E-4
63.0	24.981416097239034	25.115579944366385	25.14499069984492	24.757840069418254	1.7318913140363775E-4
64.0	25.33027032221311	24.752742636170055	25.169559568269417	24.747427473347415	0.0
65.0	25.198729681641872	24.90828696404488	24.887265357943736	25.005716983572917	1.01279659381111E-6
66.0	25.19365082271684	25.088862444640558	25.323268241982145	24.394218490660464	0.0
67.0	25.26723140819928	24.860593885790795	25.214956805670035	24.65721790033989	0.0
68.0	24.9945991521626	24.99050433213323	25.115445464664237	24.89945003822271	1.0128172222033276E-6
69.0	24.885305863370494	25.200061915504175	25.233105056963893	24.681527164161434	0.0
70.0	25.184333155357937	25.128872484004493	24.967315250600972	24.719479110036595	0.0
71.0	24.984350735385803	24.94381679041725	24.912871716621837	25.15639643334503	0.0025643242300768415
72.0	24.77432113229404	25.302452513112694	25.26404897957034	24.659177375022924	0.0
73.0	24.92899396214471	24.840945239603183	25.25801120625261	24.972049591999497	0.0
74.0	24.80570969328226	25.239267721084552	24.721724372194203	25.233288085329647	1.0128109340961798E-5
75.0	24.77417801758556	25.379316606160202	25.18522556300395	24.661279813250292	0.0
76.0	24.793030930230785	25.10595029720007	25.01237388301828	25.088644889550864	0.0
77.0	24.840528230482498	25.185477580505356	24.954718611615125	25.019275577397014	0.0
78.0	24.78124288947217	25.14132933728422	25.40558572274079	24.666885951833486	0.004956098669330555
79.0	24.721758020907945	24.739322258078992	25.486997597356194	25.051922123656865	0.0
80.0	24.723417937678082	25.227811836596388	25.060702956566033	24.988060178402634	7.0907568661723364E-6
81.0	24.47182142845602	25.40507695976758	25.358060850755848	24.76504076102055	0.0
82.0	24.96954041276489	25.053491686988256	25.145106483143024	24.82978775822827	0.0020736588755578163
83.0	24.873251922614383	25.11516681365781	24.983350920334622	25.028230343393183	0.0
84.0	24.555776862158293	25.299523740536355	25.312879470187944	24.831271838689776	5.480884276345983E-4
85.0	24.738667164622484	25.195308469172172	25.38522825383512	24.680796112370224	0.0
86.0	24.743408225305856	25.38416513052625	25.001993705715787	24.870432938452108	0.0
87.0	24.631240019713875	25.625951559193517	25.295267625299665	24.44754079579294	0.0
88.0	25.011087257711196	25.077672613768215	25.23023640076203	24.680784860306023	2.1886745253322254E-4
89.0	24.77751007382438	25.358194158780893	25.04834702052607	24.815948746868656	0.0
90.0	24.694170545078446	25.50653983596554	25.503401408662373	24.29588719691705	1.0133765912723266E-6
91.0	25.184061056512103	25.17260833927462	25.06713713373765	24.576193470475626	0.0
92.0	24.946694661599516	25.33798272806194	24.791337033845657	24.923985576492882	0.0
93.0	24.795915022680184	25.52792068007251	25.179011125557594	24.49715317168971	0.0
94.0	24.812111657938537	25.24624338612004	25.403212347743864	24.53843260819756	0.0
95.0	24.850683107601338	25.365829731425432	24.942305005352484	24.840984493651668	1.9766196908299198E-4
96.0	24.641197672343793	25.42957878161668	25.32803612679827	24.60113065129239	5.676794886472922E-5
97.0	24.862684020788556	25.457352684194856	25.094747318535287	24.5852159764813	0.0
98.0	24.623748489695497	25.30648236703653	24.913990761740145	25.155778381527828	0.0
99.0	24.503382348699002	25.428752678783766	25.407864363135268	24.660000609381957	0.0
100.0	24.986849449824582	25.28640972990334	25.176813615126726	24.549927205145348	0.0
101.0	24.714112931485502	25.361421359959195	25.239638800371715	24.684826908183584	0.0
102.0	24.520051498055455	25.398189973935565	25.500224852178782	24.581335912198142	1.977636320550629E-4
103.0	24.690591791746684	25.346737703177325	25.27065671460949	24.6920137904665	0.0
104.0	24.746059207663485	25.330239453241944	25.03448241793554	24.88921892115904	0.0
105.0	24.754966244613506	25.26243881472895	25.457694627914286	24.524900312743263	0.0
106.0	24.926149665337856	24.967075863377254	25.381294967240326	24.725479504044564	0.0
107.0	24.995086049632786	25.093600455797056	25.30575567160988	24.605557822960282	0.0
108.0	24.64587180622604	25.476872082257728	25.49286552162936	24.384390589886873	0.0
109.0	24.955884396374934	25.04881132246503	25.235690174867475	24.759614106292563	0.0
110.0	24.859338262912566	25.05045859552229	25.038465680720375	25.029820145151415	0.02191731569335526
111.0	24.71390239701695	25.264487835102017	25.546946082550605	24.474663685330434	0.0
112.0	25.18597095328035	24.91936207204001	25.35302179861809	24.541645176061543	0.0
113.0	25.083875543402655	25.416377420669296	24.83952348958406	24.660223546343985	0.0
114.0	24.764584703288367	25.474399157358913	25.36607444329514	24.394941696057586	0.0
115.0	24.927990785810515	25.030054703968936	25.600590340887557	24.441364169332992	0.0
116.0	24.632523888647846	25.39167468808153	25.123168861190003	24.852632562080622	0.0
117.0	24.569647746181378	25.490265039624948	25.56545431340616	24.374632900787514	0.0
118.0	24.99172449360292	25.19504417014071	25.173541773876362	24.639689562380003	0.0
119.0	25.018931356180417	25.423467621616286	24.992204137899805	24.565396884303492	0.0
120.0	24.73386158163538	25.47669118970239	25.435168144193597	24.354279084468637	0.0
121.0	25.06505788027862	24.95003956362923	25.390088295520698	24.59481426057146	0.0
122.0	24.833353037379073	25.22051186179317	25.210991487821737	24.73514361300602	0.0
123.0	24.733989052632264	25.514544792942363	25.36743000463954	24.384036149785832	0.0
124.0	24.835296140427836	25.177269770334902	25.45063974253508	24.53679434670218	0.0
125.0	24.871097373218042	25.2499315899807	24.952442624301128	24.926528412500126	0.0
126.0	24.71397494540174	25.312328688779917	25.380131170142324	24.59356519567602	0.0
127.0	24.836100089639018	25.010925846373546	25.403667971654066	24.749303038643923	3.053689448760908E-6
128.0	24.77719518884048	25.20146676264097	25.14952949946645	24.871808549052105	0.0
129.0	24.268525207833328	25.419071739280852	25.550179933232865	24.762209880207255	1.3239445702293628E-5
130.0	24.731863218743992	25.050356376824816	25.27691881602239	24.939340700123655	0.001520888285142533
131.0	24.900900333956987	25.44154762261882	24.939649224516785	24.717902818907405	0.0
132.0	24.329837926904382	25.47895555091001	25.388649369125705	24.800280132629815	0.0022770204300918543
133.0	24.830230270033287	25.30951106489057	25.416084746713157	24.444173918362978	0.0
134.0	24.524945539006314	25.320245247803157	25.120939948907626	25.012210722153277	0.021658542129627863
135.0	24.508962309210176	25.670757472865834	25.36596530821106	24.390292476069355	0.06402243364357667
136.0	24.723015581742118	25.306813584038697	25.382366039039816	24.587804795179373	0.0
137.0	24.641266347017236	25.623814706698067	25.161716427582032	24.573136151824382	6.636687828817889E-5
138.0	24.508259504233113	25.770859567104786	25.506914990195135	24.21396593846697	0.0
139.0	24.872267286401932	25.22368286072715	25.4355083852445	24.468541467626423	0.0
140.0	24.795017549297587	25.50664867837844	24.965957007058556	24.732376765265414	0.0
141.0	24.548266506490364	25.746903150649196	25.38000633801478	24.324824004845656	0.0
142.0	24.71094222155567	25.448166043505143	25.244308755088372	24.593921769962908	0.0026612098879119105
143.0	24.823273376219664	25.546377240293587	24.976572762114056	24.65377662137269	0.0
144.0	24.57539685225798	25.714071829393564	25.58519150810242	24.12533981024604	0.0
145.0	24.71434393507557	25.59943793549247	25.403910311755716	24.281737910255032	5.699074212140796E-4
146.0	24.55931248546091	25.461498927407046	25.306546166604516	24.67264242052753	0.0
147.0	24.292384797494105	25.414475441651607	25.725658047140676	24.56718263255076	2.9908116285148764E-4
148.0	24.547207124183494	25.235167835638954	25.509753432569415	24.70787160760814	0.0
149.0	24.468342368289985	25.420267481200103	25.159732231648395	24.95165791886151	0.0
