# Position (bp)	A	C	G	T	N
0.0	17.5548280020218	31.758994858475308	32.74629126844079	17.938412323841515	0.0014735472205855546
1.0	22.362732950285487	19.419857628406927	22.815912061175673	35.37252077243968	0.028976587692238584
2.0	25.480728685414167	22.89574653550232	24.141863416692374	27.481334880557945	3.2648183319386096E-4
3.0	30.38741921072372	23.058641732517636	26.823921979462945	19.7300170772957	0.0
4.0	33.834514783351075	18.51933497066246	25.70882417010077	21.9373260758857	0.0
5.0	36.06565424429082	20.68501733134547	19.97895719490631	23.269647265728494	7.239637289080651E-4
6.0	17.509080505092474	21.503162273302898	20.220677190003272	40.76708003160136	0.0
7.0	21.540246502645967	29.291142987132552	21.30564119161989	27.862969318601582	0.0
8.0	21.85698502645869	25.621917344473232	23.485471446473245	29.035626182594825	0.0
9.0	35.46338302668202	19.299613740265322	24.147394615592795	21.089608617459866	0.0
10.0	24.852813307020295	28.66025834167068	26.73936338678702	19.747564964522006	0.0
11.0	21.821910693884416	26.754124007615616	24.345490713861217	27.07847458463875	0.0
12.0	25.38136836184566	23.045770302379637	23.023819135477154	28.549040167311503	2.0329860525568776E-6
13.0	25.64618051285873	23.45098159502406	23.247069419282855	27.655767456495273	1.0163390838103597E-6
14.0	25.899875741708595	23.75383404099995	23.22581251590319	27.120451280750572	2.6420637688511253E-5
15.0	26.175664511992235	23.72419091652916	23.747788472141437	26.352356099337165	0.0
16.0	26.19671135165465	23.481863861871357	24.058679909781546	26.261929108683134	8.157680093131245E-4
17.0	26.463539216970528	23.380001890142882	24.090114796519536	26.066344096367054	0.0
18.0	26.370657205923415	23.313147561533103	24.35360621433597	25.962589018207517	0.0
19.0	26.44494589989554	23.636877746430915	23.855786378095676	26.02098992511096	0.041400050466911344
20.0	26.003609652236765	23.732040322930235	23.978008414249466	26.286336533402615	5.0771809180410285E-6
21.0	26.145765615361714	23.81218961209061	23.940955186523922	26.101089586023758	0.0
22.0	26.256339033865583	23.422878994137285	23.820399538045695	26.500382433951437	0.0
23.0	25.93248604499144	23.760660304397167	23.581276326670928	26.725443322723414	1.340012170559023E-4
24.0	25.944340697884183	23.858440007683647	24.01970666284352	26.17751263158865	0.0
25.0	26.53401838348734	23.3113205823603	23.834521209217726	26.320122570115466	1.7254819169495103E-5
26.0	26.443497623133972	23.79652029010029	23.55982984822701	26.20015223853872	0.0
27.0	25.988858002324978	23.756153371622162	24.1665724948126	26.08839278913723	2.3342103029099637E-5
28.0	26.76253853115394	23.646118564881466	23.745411136010645	25.845931767953946	0.0
29.0	26.175451124230808	23.846590428396027	23.69606997914148	26.281738280630627	1.501876010576089E-4
30.0	25.77613409598848	23.972305834406026	24.18091449533074	26.070645574274753	0.0
31.0	25.995309707463864	23.80475717958975	24.23109796654042	25.967150742919852	0.0016844034861104545
32.0	26.315350711215164	23.863494126064243	23.9150015609605	25.906153601760096	0.0
33.0	26.15147777428434	23.96842753848551	24.392212431085746	25.48767121597571	2.1104016869577055E-4
34.0	25.89997590820908	23.809574247752447	24.555963213359135	25.73448663067934	0.0
35.0	26.496997406985685	23.79444962681173	23.84043452697186	25.867937851660056	1.8058757067695321E-4
36.0	26.34560863980664	24.095221062010186	24.404197767857465	25.154972530325715	0.0
37.0	26.62390033208004	23.74747859931558	24.238545819501738	25.39007524910264	0.0
38.0	26.088592288410094	24.01926020757525	24.074271401949556	25.817876102065103	0.0
39.0	25.918449500056255	24.24110021576504	24.35171709152511	25.486964053020184	0.0017691396334133709
40.0	26.491425035905053	23.907856064650876	23.98782418291044	25.612894716533635	0.0
41.0	26.582558737577788	24.116097911969973	23.790869093094972	25.51047425735727	0.0
42.0	25.870917275212513	24.6498383986586	24.20176513378398	25.233790212836727	0.04368897950817851
43.0	26.394102989022155	24.28899237061245	24.098150151475927	25.218752460012873	2.0288765947984473E-6
44.0	26.02554146138958	24.106828272583368	23.894995310336093	25.972634955690964	0.0
45.0	26.378476290102615	24.145706189378934	24.538824662851216	24.9153910464951	0.021601811172132127
46.0	26.084514896878996	24.241735493260546	24.333032812947096	25.34070868168622	8.115227136280795E-6
47.0	25.855715188816475	24.485860415215406	24.06937033936304	25.588831907465533	2.2214913955095504E-4
48.0	25.878015224575663	24.279700246924847	24.270055387038195	25.572229141461296	0.0
49.0	26.043967320490573	24.130199680521553	24.432143250149483	25.393689748838394	0.0
50.0	25.896902630552987	24.43255391852984	24.111095436317957	25.55862736191375	8.206526854702712E-4
51.0	25.734517289878976	24.549786427573373	24.608082328106317	25.10696778888008	6.461655612501755E-4
52.0	25.57506480410985	24.231568417039078	24.303566615618365	25.889800163232707	0.0
53.0	25.82164251341603	24.423050009823406	24.095528764432416	25.659744224662557	3.448766559290672E-5
54.0	25.77144292681803	24.942362380991874	24.5083410980112	24.77785055106356	3.0431153451079444E-6
55.0	26.18212448705667	24.352894220258577	24.250436405291985	25.21445460993423	9.027745853820062E-5
56.0	26.003113488138794	24.726508290758915	24.187198791323517	25.083179429778774	0.0
57.0	25.73808645600069	24.75239796825668	24.41812822658293	25.090837586756464	5.497624032382669E-4
58.0	25.703663278871012	24.537319661676406	24.322024912966423	25.43699214648616	0.0
59.0	26.01693807033376	24.35096582799359	24.352310856706605	25.279785244966043	0.0
60.0	25.78433893560577	24.499250937355356	24.63178567628301	25.084624450755864	0.0
61.0	25.9770843580401	24.201228820371234	24.305334023229292	25.5162828051899	6.999316947817393E-5
62.0	25.844078540790193	24.51661896464698	24.24835552371352	25.39044078853223	5.061823170715687E-4
63.0	25.342066087945724	24.7299454494814	24.724509295837947	25.20327831612448	2.0085061045043378E-4
64.0	25.70283488571868	24.35493703416622	24.86290631709854	25.079321763016566	0.0
65.0	25.675885916636787	24.520552876850115	24.497953090740115	25.305606086975814	2.0287971731227103E-6
66.0	25.723876134245305	24.676788075947606	24.947863596086986	24.6514721937201	0.0
67.0	25.776707018527894	24.479349159008336	24.8719541586474	24.87198763494957	2.0288667979559897E-6
68.0	25.495775718532304	24.545601629542293	24.759930784177868	25.19869186774753	0.0
69.0	25.344276290734737	24.830129261221746	24.82030032438738	25.005294123656142	0.0
70.0	25.628071316268976	24.748720296828303	24.60877621258338	25.014432174319346	0.0
71.0	25.425013959134287	24.466341507573926	24.55997825334105	25.54611806525866	0.0025482146920787377
72.0	25.226909333317128	24.90252931627289	24.894732412252445	24.975828938157534	0.0
73.0	25.28550095288211	24.387790667795358	24.901074482084717	25.425633897237816	0.0
74.0	25.140425676273324	24.831874437489514	24.35148235452472	25.676203328983682	1.4202728756073174E-5
75.0	25.232638468858763	24.99668259332981	24.72622568843087	25.04445324938056	0.0
76.0	25.081847136853224	24.69875012613055	24.557734495843935	25.661668241172286	0.0
77.0	25.20162739740292	24.769054093673663	24.62957862775053	25.399739881172888	0.0
78.0	25.16224949879467	24.669073602103843	25.05307297711906	25.1105979562186	0.005005965763820686
79.0	25.148440538418786	24.246292932179703	25.122868833040506	25.482397696361005	0.0
80.0	25.07779400900721	24.79243118478289	24.700545688659407	25.42922810288022	1.0146702753347363E-6
81.0	24.68537085031468	24.983005209111166	24.99135115979694	25.340272780777212	0.0
82.0	25.384943224627648	24.673998116434237	24.70943090884534	25.22954752715782	0.002080222934955082
83.0	25.332319494734122	24.605863817581305	24.545360262634667	25.516456425049906	0.0
84.0	24.9130008362125	24.852648981520208	24.902762058664692	25.331084760170768	5.03363431827958E-4
85.0	25.022557480662428	24.78974286577968	25.05156644392767	25.13613320963023	0.0
86.0	25.08779787887295	24.926349064597115	24.608121241756653	25.37773181477328	0.0
87.0	25.066156866852523	25.22376019357463	24.919712609209085	24.79037033036376	0.0
88.0	25.411207633098737	24.694996599363368	24.89387925704228	24.999677969054517	2.385414410990885E-4
89.0	25.142859463182564	24.968108794838205	24.736137596457556	25.1528931303793	1.015142371179702E-6
90.0	25.1477022889879	25.17869128568601	25.16297598121798	24.51063044410811	0.0
91.0	25.646334586734294	24.761576667251088	24.703140100941813	24.888948645072805	0.0
92.0	25.42800099941866	24.886536862457362	24.309940974678497	25.37552116344548	0.0
93.0	25.235510384211025	25.16897165500297	24.737850363537706	24.857667597248298	0.0
94.0	25.179355736660554	24.896240526983952	25.06069935137414	24.86370438498136	0.0
95.0	25.322761898006014	24.96104998315948	24.528375831038886	25.187632533720517	1.7975407509851057E-4
96.0	25.03967412756529	25.055899051095377	24.891895797457376	25.01248430422734	4.671965460931237E-5
97.0	25.22269576233935	25.13644176882851	24.631154628384152	25.009707840447987	0.0
98.0	24.915071630569226	24.886776904050816	24.515196938834244	25.68295452654571	0.0
99.0	24.845084691234774	25.008451542237424	25.049432441919606	25.097031324608192	0.0
100.0	25.510948094859327	24.905795474653	24.727531249226846	24.855725181260834	0.0
101.0	25.142800975234948	24.971402918276695	24.856073625480754	25.029722481007603	0.0
102.0	24.858271108387562	24.96875968915595	25.035738818043935	25.137027130952717	2.0325345983882874E-4
103.0	25.024225734940803	24.960932889703393	24.806605759770882	25.20823561558492	0.0
104.0	25.168113697754414	24.892942178199316	24.528099176939325	25.41084494710695	0.0
105.0	25.15847093290472	24.788056793418743	24.970489396760044	25.0829828769165	0.0
106.0	25.414954908748594	24.45246904077	24.90753972886428	25.22503632161712	0.0
107.0	25.47170498222218	24.561443596874554	24.908051005511307	25.058800415391957	0.0
108.0	25.0875500568635	25.032770502337293	25.00176560603512	24.87791383476409	0.0
109.0	25.398247178286006	24.585974588311597	24.744237038776067	25.27154119462634	0.0
110.0	25.341476433705868	24.532874164409783	24.604068489268105	25.499896752510637	0.021684160105607576
111.0	25.229609434226457	24.755431184439377	25.163691082929674	24.851268298404484	0.0
112.0	25.792747048378896	24.37663856684498	24.91343359955449	24.91718078522164	0.0
113.0	25.64768900968656	24.962254687019723	24.34567954113751	25.04437676215621	0.0
114.0	25.25610790265081	25.027503197142952	24.953911236532463	24.762477663673778	0.0
115.0	25.403814679137	24.542365357991493	25.282065787249863	24.77175417562164	0.0
116.0	25.01364783229485	24.984377379688304	24.69475877816698	25.307216009849864	0.0
117.0	24.929113301815367	25.189197237174945	25.106808818733906	24.774880642275782	0.0
118.0	25.514710460810964	24.81743487412355	24.605927705014093	25.061926960051395	0.0
119.0	25.60736677575249	25.016758307009695	24.526350617934703	24.849524299303113	0.0
120.0	25.23959109118341	25.12082137349676	24.96615456046335	24.67343297485648	0.0
121.0	25.638602370184945	24.47688874507833	24.926281225449255	24.958227659287473	0.0
122.0	25.346963262435	24.819079425641938	24.793927237821308	25.040030074101754	0.0
123.0	25.25583201376318	25.139529941583195	24.884173860666248	24.720464183987374	0.0
124.0	25.259949332434296	24.781370844910246	25.027635652625264	24.931044170030194	0.0
125.0	25.36471028872776	24.730848311588122	24.459966924111626	25.44447447557249	0.0
126.0	25.2432674681274	24.853265543705938	24.871308973263716	25.03215801490295	0.0
127.0	25.338308879858417	24.480793495421942	24.922360634661754	25.258536990057884	0.0
128.0	25.315995351996733	24.655758791028685	24.723013215664572	25.30523264131001	0.0
129.0	24.640934115907793	24.901562509007825	25.05175524626862	25.405730752022237	1.7376793525300425E-5
130.0	25.112596239675632	24.516637592591078	24.781968462244887	25.587287448002588	0.0015102574858131147
131.0	25.34229849521445	24.99548721963313	24.466087218882322	25.196127066270098	0.0
132.0	24.637783179086583	24.968759847450514	24.94747600013156	25.44368261662774	0.00229835670360963
133.0	25.288161580925134	24.87109332698779	24.977671737512793	24.863073354574283	0.0
134.0	24.83900905813546	24.86765841531109	24.665118838707272	25.606610681700765	0.021603006145411552
135.0	24.897208884160765	25.3168891729615	24.919275641080223	24.803122896947947	0.06350340484956535
136.0	25.148457690911286	24.870854028659668	24.951117914624607	25.029570365804442	0.0
137.0	25.15280006664454	25.20435891564278	24.708048068831452	24.93471909996884	7.384891238706578E-5
138.0	25.044409727341776	25.402605211257896	25.041043585309897	24.51194147609043	0.0
139.0	25.478280642457108	24.753180845219084	25.034581386414022	24.733957125909786	0.0
140.0	25.253673764609612	25.053187762476902	24.481157649508365	25.211980823405117	0.0
141.0	24.97797850324938	25.433687211674883	24.90535545803983	24.68297882703591	0.0
142.0	25.119455747830404	25.144028099361964	24.72247992779352	25.0113811201006	0.0026551049135062196
143.0	25.325534857922392	25.10569485169894	24.55762571802283	25.011144572355835	0.0
144.0	25.031489608426632	25.297589396508663	25.232472198938027	24.438448796126675	0.0
145.0	25.14298461970871	25.28148834318309	25.020014807898278	24.554907563182347	6.046660275774715E-4
146.0	24.96500696749006	25.021519612952947	24.927408970144292	25.086064449412703	0.0
147.0	24.65439547548621	24.957862427000013	25.3642156883004	25.023256426365386	2.699828479896672E-4
148.0	24.88202834191256	24.82868863945961	25.183794475006394	25.105488543621433	0.0
149.0	24.830343831599492	24.93938312191421	24.787200213995394	25.443072832490905	0.0
