# Position (bp)	A	C	G	T	N
0.0	21.897708507045717	25.432804868608898	23.55813716607006	29.11134945827532	0.0
1.0	35.46638994247367	19.21982760179196	24.11248368399929	21.201298771735082	0.0
2.0	24.93089589303361	28.54596279247643	26.734354548119722	19.78878676637024	0.0
3.0	21.860321758309507	26.569341970642423	24.277385547029187	27.292950724018883	0.0
4.0	25.55397100132416	22.882364624551364	22.97451247839828	28.589102454877473	4.944084872138549E-5
5.0	25.78784583094623	23.269668568114373	23.11541519087101	27.827070410068384	0.0
6.0	25.944246274387712	23.583318336403906	23.169095884790167	27.30333860617438	8.982438389791926E-7
7.0	26.11445519218399	23.50187056569992	23.75972131434553	26.62395292777056	0.0
8.0	26.2365133403967	23.239421330660683	23.98791171537177	26.53613027863874	2.3334932105264918E-5
9.0	26.516337483688503	23.229265198872113	23.98120273701251	26.273194580426875	0.0
10.0	26.386906670960897	23.207554312940683	24.300888734783115	26.104650281315305	0.0
11.0	26.6223881104658	23.379465871061335	23.822787207122044	26.175358811350826	0.0
12.0	26.122524910546197	23.51894692340381	23.867703627764563	26.490823641491957	8.967934736823491E-7
13.0	26.20129214612878	23.64181922857026	23.886062874471765	26.270825750829196	0.0
14.0	26.372409032043397	23.351646270448907	23.74185246758283	26.534092229924866	0.0
15.0	26.09327584419524	23.576471763034746	23.518971868248638	26.810156450252343	0.0011240742690391088
16.0	26.18189506132198	23.6090380879603	23.998618756677022	26.2104480940407	0.0
17.0	26.614522673716717	23.157852259614646	23.789374821600127	26.438183930409615	6.631465889836439E-5
18.0	26.644019968261684	23.631956931686602	23.411394758889532	26.31262834116218	0.0
19.0	26.16804769318789	23.55728754387642	24.105099374500806	26.16955732511893	8.063315952139059E-6
20.0	26.793665626293407	23.520740567693245	23.74163123859577	25.94396256741758	0.0
21.0	26.31773719850015	23.68720999613146	23.630978764881398	26.363979091613015	9.494887397263974E-5
22.0	26.02215898558177	23.725119314641745	24.04903351183578	26.203688187940706	0.0
23.0	26.143345466106062	23.65813303012701	24.08508069820697	26.11316675488382	2.7405067614347044E-4
24.0	26.42215407119587	23.661811833645302	23.79509161626108	26.120942478897746	0.0
25.0	26.37860489567416	23.725802517708868	24.237920710217555	25.65760919505894	6.26813404759258E-5
26.0	26.138525499780275	23.651377903194998	24.38596813404594	25.82412846297879	0.0
27.0	26.581203008999747	23.64425620439224	23.770833881705293	26.003297752274822	4.0915262789690355E-4
28.0	26.46449358390781	23.907159451977524	24.208706671499023	25.419640292615643	0.0
29.0	26.640248921336223	23.543154446620605	24.128218342882686	25.68837381326574	4.475894746577883E-6
30.0	26.207562167830574	23.84939538792609	23.983434174739326	25.95960826950401	0.0
31.0	26.030471982949262	24.037858837949734	24.240351889205535	25.689399209781428	0.0019180801140444073
32.0	26.695756552838557	23.70025120615497	23.89258283440151	25.711409406604968	0.0
33.0	26.639237965766217	23.869587889419048	23.693288525429328	25.797885619385415	0.0
34.0	26.037721507145317	24.29608261994106	24.081466926360758	25.58472894655287	0.0
35.0	26.55353153814949	23.99112607476466	23.95499149301334	25.500325838519426	2.505555308281109E-5
36.0	26.196374589727473	23.960666415544704	23.780332486565488	26.06262650816234	0.0
37.0	26.505040518559685	23.98949835895753	24.288149692048638	25.21731143043414	0.0
38.0	26.28939482570146	23.967153319839067	24.24497247991757	25.498479374541898	0.0
39.0	26.044263496647936	24.161309486095544	23.88667896125733	25.90774447737829	3.5786208964871197E-6
40.0	26.0770876771178	23.97809999047418	24.173082281109583	25.771730051298437	0.0
41.0	26.203083979856984	23.94502900399446	24.26755384465673	25.584333171491817	0.0
42.0	26.159707800387995	24.157112977233282	23.9526446339729	25.72992987214679	6.047162590355769E-4
43.0	25.995153315739916	24.29160752434367	24.41290165351854	25.29728091151756	0.003056594880310024
44.0	25.90117799437278	23.933343739196278	24.172821108456972	25.99265715797397	0.0
45.0	26.037260809566792	24.163164879010775	23.96184741973259	25.837726891689844	0.0
46.0	26.039622738798755	24.539769893331858	24.37944949044193	25.040760754724538	3.971227029101358E-4
47.0	26.3857290075661	24.13688459358789	24.12246070272334	25.354791537033584	1.3415908908554364E-4
48.0	26.22263634908179	24.387819322024853	24.067465758714278	25.32207857017908	0.0
49.0	25.97609436259584	24.44079221614725	24.289043269198693	25.293868030002	2.0212205621522372E-4
50.0	25.953934898394937	24.215708857230624	24.221111507518117	25.60924473685632	0.0
51.0	26.278945894687304	24.08933847396391	24.18785599807258	25.443859633276205	0.0
52.0	26.003992015111248	24.236856570341185	24.4512946683511	25.307856746196467	0.0
53.0	26.241506437739876	23.99991489994094	24.1510140075359	25.60748774636505	7.690841823359446E-5
54.0	26.15735474670162	24.27251852570384	23.961297021093415	25.608524759219755	3.0494728136681696E-4
55.0	25.64791880450289	24.478329656901135	24.501664636071578	25.37206722867057	1.9673853826539083E-5
56.0	26.03820316584085	24.108283653511066	24.611086790388825	25.242426390259258	0.0
57.0	25.950785824535842	24.28652521220512	24.19431250462548	25.56837645863355	0.0
58.0	25.93151778576324	24.431917019775486	24.72973716030804	24.906828034153232	0.0
59.0	26.08069110920824	24.252900720958824	24.58589431406344	25.080169578835203	3.4427693429134006E-4
60.0	25.832611259977	24.337629462270492	24.471076255140307	25.3586830226122	0.0
61.0	25.686706753648554	24.510199302898496	24.623766724934022	25.179327218518928	0.0
62.0	25.93719571578556	24.356084472684607	24.495781985645753	25.210937825884077	0.0
63.0	25.81351954897842	24.230479058331444	24.378341955144457	25.571706937263972	0.00595250028170876
64.0	25.575598456606556	24.597019091944823	24.721279405440416	25.106101257665454	1.7883427503736855E-6
65.0	25.65497937568181	24.156959472430344	24.632627809347852	25.554871804482964	5.615380570302164E-4
66.0	25.413729976797505	24.5279816722046	24.21842400466786	25.839853616273246	1.0730056790077402E-5
67.0	25.4774493435648	24.672164209041092	24.57938532397021	25.271001123423897	0.0
68.0	25.483574777956797	24.40652625298291	24.363614097155104	25.74628487190519	0.0
69.0	25.56528604078172	24.511741506982652	24.408105483214886	25.514866969020744	0.0
70.0	25.351700154010143	24.502100867856775	24.851778596484625	25.289980747726453	0.00443963392200435
71.0	25.401351944458884	24.122465312040802	24.850433410534578	25.625749332965736	0.0
72.0	25.284438040546824	24.54293375011645	24.54516212239977	25.6274365779942	2.950894275663923E-5
73.0	24.9598397939468	24.722945928963693	24.79022902318623	25.526985253903273	0.0
74.0	25.548660853870224	24.50680631399733	24.5334741932468	25.411047908064404	1.07308212391389E-5
75.0	25.564081867450696	24.342381198623787	24.34626135652645	25.747275577399066	0.0
76.0	25.24922143676016	24.586675843579588	24.645836490863157	25.518043554756225	2.22674040867787E-4
77.0	25.27038853000602	24.58656528834706	24.75545482844224	25.38759135320468	0.0
78.0	25.316510770421175	24.671293397625348	24.416999972007808	25.59519585994567	0.0
79.0	25.339184920187435	24.9033834942723	24.73961453277663	25.017817052763625	0.0
80.0	25.637363344203283	24.477661418527898	24.689887208100885	25.195087134806148	8.943617787839785E-7
81.0	25.382747219606706	24.741857691949285	24.50315157137009	25.372242622685082	8.943888396443363E-7
82.0	25.443165328779678	24.90225439525966	24.908915082304294	24.745665193656368	0.0
83.0	25.82563737064534	24.491470945618612	24.498502124545713	25.18438955919034	0.0
84.0	25.711182198884373	24.56081771209838	24.17527162199916	25.55272846701808	0.0
85.0	25.509413961401684	24.81664258527642	24.587968144851757	25.085975308470143	0.0
86.0	25.399215161039475	24.619271022841467	24.84009978710743	25.141414029011628	0.0
87.0	25.55075932395358	24.695451051691983	24.341445558896904	25.412344065457532	0.0
88.0	25.229109632492875	24.770417578559652	24.70759256020028	25.29288022874719	0.0
89.0	25.437586880518083	24.74737994932171	24.48157744080383	25.33345572935638	0.0
90.0	25.12717839691838	24.66920349038252	24.333818061465674	25.86979289397761	7.157255816149351E-6
91.0	25.05970989462149	24.75582985194115	24.75867139087426	25.4257888625631	0.0
92.0	25.715913562123422	24.62637827032197	24.52478873435017	25.132919433204435	0.0
93.0	25.35465212935336	24.74393572238852	24.5989968523684	25.30241529588972	0.0
94.0	25.07680094554141	24.71747502158945	24.81592179178616	25.38977271215237	2.952893060736205E-5
95.0	25.222603466798667	24.653928861155034	24.62399315540531	25.49947451664099	0.0
96.0	25.330294367922974	24.699933278583654	24.327466746210575	25.642305607282793	0.0
97.0	25.361578455059497	24.58125194864824	24.704750090018845	25.352419506273417	0.0
98.0	25.5371568713617	24.30356563981734	24.63289466830369	25.526382820517274	0.0
99.0	25.55103104943778	24.437175276216017	24.53967681957939	25.472116854766814	0.0
100.0	25.28817224451487	24.78750157940979	24.725351871376375	25.198974304698968	0.0
101.0	25.58158097954106	24.376680954903634	24.585268787135668	25.45646927841964	0.0
102.0	25.595956151831743	24.363625884763444	24.346034952939828	25.694383010464982	0.0
103.0	25.508180334655577	24.59477204663615	24.802897076929824	25.094150541778447	0.0
104.0	25.966631067843473	24.236987921618507	24.65451858690298	25.141862423635047	0.0
105.0	25.74377712666771	24.76137199765738	24.17547232779043	25.31937854788448	0.0
106.0	25.479493385510594	24.759336250548923	24.718702344784464	25.04246801915602	0.0
107.0	25.657348247002982	24.33525567011081	24.940521039934925	25.06687504295128	0.0
108.0	25.35442297328881	24.698053169968066	24.456625027894002	25.490898828849122	0.0
109.0	25.27342049837688	24.868128616722277	24.81592829132335	25.042522593577495	0.0
110.0	25.77062950522609	24.49981662725717	24.425254718999724	25.304299148517018	0.0
111.0	25.776748927279016	24.739633691674545	24.30530218764842	25.17831519339802	0.0
112.0	25.51893362008993	24.772009102309674	24.70434004536964	25.004717232230757	0.0
113.0	25.766310939154106	24.291885105665145	24.66041675155867	25.28138720362208	0.0
114.0	25.56689279873866	24.634231847700832	24.493189806274852	25.305685547285655	0.0
115.0	25.46487899686627	24.813513813717726	24.71870842647692	25.00289876293908	0.0
116.0	25.491180416542704	24.582507792758577	24.72677071972446	25.199541070974263	0.0
117.0	25.486323913249514	24.543328983739837	24.28710027544398	25.68324682756667	0.0
118.0	25.416317060540223	24.728663499370597	24.651837925658054	25.20318151443113	0.0
119.0	25.575709022297445	24.313025869008897	24.6054910809281	25.505774027765554	0.0
120.0	25.596676167281053	24.50223766928223	24.42962801900422	25.471458144432503	0.0
121.0	24.962374281945802	24.727034528818578	24.710492933270043	25.60009825596558	0.0
122.0	25.37899876519839	24.39916126012887	24.489060327875492	25.73216169440859	6.179523886608768E-4
123.0	25.504829890702023	24.79914486907496	24.289071683432848	25.406953556790164	0.0
124.0	24.92884786519372	24.7211705671186	24.71208046303189	25.634455980327626	0.003445124328167112
125.0	25.518873390995527	24.691104835940646	24.633943645232357	25.15607812783147	0.0
126.0	25.070380181454983	24.699162906701293	24.39997606584252	25.83048084600121	0.0
127.0	25.15965433204821	25.037694051598812	24.65637787033476	25.145977516755515	2.962292627061012E-4
128.0	25.35119486238932	24.675058967526894	24.653980842627764	25.31976532745602	0.0
129.0	25.34673170394556	24.980011057479764	24.463056545550423	25.210018383450773	1.823095734744492E-4
130.0	25.283350202555532	25.126065523727682	24.770348522855663	24.820235750861126	0.0
131.0	25.730082505259638	24.445395397595014	24.727821833991165	25.096566378119856	1.3388503432277637E-4
132.0	25.38706072815672	24.78171915550491	24.30893773358213	25.522282382756238	0.0
133.0	25.259524662595258	25.01152719081256	24.727883257794495	25.00089853504842	1.6635374926956092E-4
134.0	25.32653207934605	24.784427238306307	24.517500569214224	25.369555073297057	0.001985039836357131
135.0	25.412148739267014	24.896137673934327	24.294505076395485	25.397208510403168	0.0
136.0	25.18205528335215	25.01743942667941	24.986461841665474	24.814043448302968	0.0
137.0	25.465838957933286	24.88414138316121	24.723354477291466	24.926252583399755	4.1259821428756834E-4
138.0	25.266518971797748	24.73939287900372	24.5235395850415	25.47054856415703	0.0
139.0	25.027618287264563	24.726519978210753	24.992994116505173	25.252402669779826	4.649482396824458E-4
140.0	25.286523922005415	24.57497819401107	24.78152562586729	25.35697225811623	0.0
141.0	25.1210085737737	24.636563401518703	24.431233475604877	25.811194549102716	0.0
