# Position (bp)	A	C	G	T	N
0.0	21.170289701144128	26.173701385417132	24.1395473330315	28.51646158040724	0.0
1.0	34.45079815548798	19.942789500465942	24.969849660434264	20.636562683611814	0.0
2.0	23.716474517461002	29.405957159390272	27.546672041201255	19.33089628194747	0.0
3.0	21.027020443240353	27.30771059847784	25.142979296905608	26.5222896613762	0.0
4.0	24.70092683229332	23.6804799271899	23.892841768370264	27.725737238079528	1.4234066990358838E-5
5.0	24.860992204142292	24.22591231288824	23.986488601607377	26.92660688136209	0.0
6.0	25.0713406427134	24.5543476763238	24.03281728831034	26.341444134899888	5.0257752573630757E-5
7.0	25.312553704026904	24.376115203561966	24.611603614175493	25.69972747823564	0.0
8.0	25.524932321450066	24.039749928970878	24.843878062780345	25.590609623938317	8.300628603951008E-4
9.0	25.691707082587932	24.060461810844537	24.86058076242411	25.387250344143425	0.0
10.0	25.48280160873755	24.046484819350436	25.25732874883344	25.213384823078577	0.0
11.0	25.717676691365828	24.283903397076507	24.705517586450654	25.252081400739645	0.04082092436736445
12.0	25.350542939115666	24.321287047367125	24.722500825805575	25.60566634712604	2.8405855977045647E-6
13.0	25.294853356711332	24.56337344021572	24.84251569053883	25.29925751253412	0.0
14.0	25.374162807183996	24.28066493629093	24.70751716116122	25.637655095363847	0.0
15.0	25.259481779702607	24.52027443773904	24.447672702579524	25.772384625608662	1.8645437016248515E-4
16.0	25.32827797110769	24.56851248427001	24.847606900635682	25.25560264398662	0.0
17.0	25.841011675257025	24.094144394951307	24.6696650835652	25.395141943138526	3.690308793968953E-5
18.0	25.72887647535064	24.486904830735355	24.356016954219122	25.428201739694885	0.0
19.0	25.262644370289856	24.530799189105583	24.880180935989156	25.326351853890895	2.3650724511091514E-5
20.0	25.77146803547094	24.396710019721795	24.556480094445597	25.27534185036167	0.0
21.0	25.449725963629582	24.55356609545193	24.44018041108033	25.55632322449076	2.0430534739452274E-4
22.0	25.140446205010612	24.65207862842448	24.88143256103266	25.32604260553225	0.0
23.0	25.373312418487963	24.469190723306625	24.844617279267826	25.31116973301872	0.001709845918861645
24.0	25.539324427955002	24.553775277378755	24.582864118440312	25.324036176225935	0.0
25.0	25.294743955902316	24.683120645049705	25.10133354869712	24.920534253096303	2.675972545580725E-4
26.0	25.336823524607517	24.48530203689976	25.03504753540784	25.142826903084885	0.0
27.0	25.62439306198259	24.61033935206591	24.563980077282476	25.20110504022744	1.8246844158667562E-4
28.0	25.49865782113436	24.762214996154047	25.064168844199212	24.674958338512383	0.0
29.0	25.71543624574729	24.423777237327613	24.909646392657734	24.951140124267365	0.0
30.0	25.46879745114385	24.680285157554437	24.65880926137436	25.19210812992736	0.0
31.0	25.272744256873086	24.832739051918946	25.059601819495747	24.83288933660493	0.0020255351072918765
32.0	25.63549961160489	24.572265402227963	24.77969111143229	25.012543874734856	0.0
33.0	25.620219252830744	24.75269889687828	24.568406439756846	25.058675410534132	0.0
34.0	25.205841949849837	25.06148851630483	24.93207810323285	24.757462501613777	0.0431289289986994
35.0	25.573220449823403	24.73384510121925	24.86020845218465	24.832724106775075	1.8899976213434937E-6
36.0	25.27118591614578	24.79549179078897	24.613441707502666	25.319880585562586	0.0
37.0	25.504795533114915	24.86733701263685	25.183154045014106	24.422970916340056	0.02174249289407425
38.0	25.46703906688308	24.730764808423324	24.97320188845487	24.828966835065145	2.740117358092606E-5
39.0	25.27010590062127	24.932294479698964	24.74012471066021	25.057156501557248	3.184074623068868E-4
40.0	25.218428265436536	24.939806682048552	25.006550469452755	24.83521458306216	0.0
41.0	25.398908339964926	24.784436709664885	25.003649611865715	24.813005338504475	0.0
42.0	25.27040440615707	24.991855668857404	24.72680059298043	25.009987038319302	9.522936857855401E-4
43.0	25.114217114688525	25.06018902745192	25.265760278349987	24.55906741796474	7.661615448310784E-4
44.0	25.077861886205806	24.816058978191286	25.015646439874857	25.090432695728055	0.0
45.0	25.185474912053323	25.00636314514697	24.815301588141274	24.99281973481857	4.0619839863366196E-5
46.0	25.07067066912751	25.342433558764586	25.184458437893127	24.402425054177634	1.2280037140877872E-5
47.0	25.40453587998477	24.885741154241327	24.958382201823056	24.751263307371023	7.745657982499422E-5
48.0	25.18882028583514	25.267467638644664	24.85771703688799	24.685995038632207	0.0
49.0	25.079512348005228	25.2570251685304	25.20465844253757	24.45818252786421	6.215130625941202E-4
50.0	25.14174846944504	25.057456290776337	25.012285800867172	24.78850943891145	0.0
51.0	25.29561961584536	25.02709376777083	24.88916091460018	24.788125701783628	0.0
52.0	25.084199666849027	25.131854865772908	25.225412255014923	24.558533212363145	0.0
53.0	25.285938220385024	24.866662154493106	25.03058515076928	24.816743637131633	7.083722095872758E-5
54.0	25.131025113970516	25.12813876226495	24.9163432610011	24.823843055834953	6.49806928477593E-4
55.0	24.778456096093006	25.30118930936754	25.383611950187323	24.536506525039155	2.3611931297780217E-4
56.0	25.156526991516852	24.959396890561454	25.341377132273607	24.542698985648087	0.0
57.0	25.003341492443127	25.099507151587176	25.088003653012475	24.80914392512518	3.7778320442362975E-6
58.0	24.957906907294326	25.280667210794512	25.540967405407418	24.220458476503744	0.0
59.0	25.106532964351942	25.028117728819833	25.39074427654394	24.474605030284284	0.0
60.0	24.878515581415684	25.18589978161393	25.261859949242528	24.673724687727862	0.0
61.0	24.748642537434467	25.36233339714859	25.446996988688547	24.44202707672839	0.0
62.0	25.011880071932257	25.22175961133659	25.229867279967177	24.536493036763975	0.0
63.0	24.888420600989853	25.132277805575654	25.120661690196915	24.855717930800026	0.002921972437545861
64.0	24.59157903620189	25.465840626889747	25.505777513613747	24.436802823294613	0.0
65.0	24.829490398149005	25.030768564749017	25.423746789180328	24.71599330352126	9.444003913141909E-7
66.0	24.628263677707814	25.3473796851017	25.022156413251643	25.002162447800814	3.777613802056002E-5
67.0	24.559862624943744	25.549140313224694	25.451354043715295	24.439643018116268	0.0
68.0	24.67480270041813	25.271674456528075	25.247944344969543	24.805578498084245	0.0
69.0	24.717833835437848	25.402226805824828	25.136923642671228	24.7430157160661	0.0
70.0	24.58362843915728	25.388148783068786	25.601365406910574	24.421390084215762	0.005467286647591198
71.0	24.57622952693848	25.015346003975175	25.618312800799504	24.79011166828684	0.0
72.0	24.579670117583245	25.389815506697587	25.285634635830963	24.744876906525143	2.833363061608212E-6
73.0	24.344453352347355	25.563346310789413	25.56001422934779	24.532186107515443	0.0
74.0	24.785342300808356	25.259570569752814	25.35092920236298	24.601919508821897	0.0022384182539476253
75.0	24.718592357307536	25.30560947067474	25.179083515385408	24.796714656632314	0.0
76.0	24.44811570865322	25.50187858361409	25.51153724230881	24.53789608647131	5.723789525718299E-4
77.0	24.6213751910506	25.380871879695743	25.52581880509373	24.471934124159926	0.0
78.0	24.602240108475943	25.53058439627225	25.202999924453284	24.664175570798523	0.0
79.0	24.463566384739675	25.71651230383422	25.539858701677637	24.28006260974847	0.0
80.0	24.81772096089999	25.26210976129904	25.420194645402354	24.499711085171388	2.635472272238731E-4
81.0	24.61789317196164	25.524013463460875	25.199228327467498	24.65886503710999	0.0
82.0	24.500313775058043	25.692095975539083	25.696961942704945	24.110628306697933	0.0
83.0	24.965607367443436	25.326207949790238	25.250030955140595	24.45815372762573	0.0
84.0	24.802882083217554	25.463223290132458	25.038565116452922	24.695329510197066	0.0
85.0	24.58296025597779	25.652066314372995	25.44300758127827	24.321965848370937	0.0
86.0	24.65558494948952	25.412209487370248	25.54772183406962	24.384483729070617	0.0
87.0	24.647155687263528	25.529006764065578	25.14593013930196	24.67769199236513	2.1541700381081183E-4
88.0	24.428745807298167	25.6062251646456	25.53669422711525	24.42825637903834	7.842190263648673E-5
89.0	24.696521066460104	25.511000400911353	25.309637642467386	24.482840890161157	0.0
90.0	24.448780259367076	25.524182552756724	25.090783428161213	24.936253759714987	0.0
91.0	24.381523464415434	25.61704399870709	25.550218421241173	24.451214115636304	0.0
92.0	24.769413776074202	25.415978640362376	25.40092317270073	24.413684410862693	0.0
93.0	24.57027705641435	25.48731745978255	25.384931618880024	24.55747386492308	0.0
94.0	24.352259036921694	25.605430370363884	25.675679941242617	24.36639154984221	2.3910162959006847E-4
95.0	24.54788822775784	25.49926122009517	25.47962664305968	24.473223909087306	0.0
96.0	24.614326759725895	25.524404268086315	25.218462003300917	24.64280696888687	0.0
97.0	24.53907924755035	25.490253976341847	25.651023370717297	24.319643405390504	0.0
98.0	24.74060514535929	25.201563030251485	25.518748591234264	24.53908323315496	0.0
99.0	24.746604664671214	25.3304776479254	25.411953199073128	24.51096448833026	0.0
100.0	24.47364129718073	25.66110521483125	25.659777961026194	24.205475526961827	0.0
101.0	24.757346748466944	25.236402345023983	25.463047811550254	24.543203094958816	0.0
102.0	24.723225857090753	25.25792863037153	25.217325641285854	24.779890029490065	0.021629841761795707
103.0	24.591580224663154	25.471243695589745	25.666273885780612	24.27090219396649	0.0
104.0	24.951637150682775	25.13959678284306	25.507399430136708	24.40136663633746	0.0
105.0	24.856413611708955	25.566100820214288	25.053588400160965	24.52389716791579	0.0
106.0	24.569354629153743	25.6097119166332	25.570211560860486	24.250721893352576	0.0
107.0	24.75238608764188	25.215171452223895	25.689284653896888	24.343157806237336	0.0
108.0	24.535969600633024	25.528350124476123	25.283473249645088	24.65220702524577	0.0
109.0	24.39974500775442	25.65206081465554	25.739182597723193	24.20901157986685	0.0
110.0	24.766158142467834	25.333935678995406	25.37524092202663	24.52466525651013	0.0
111.0	24.7254092887524	25.568147671421787	25.21703852673597	24.489404513089845	0.0
112.0	24.50671822587697	25.619085255796374	25.634606224989042	24.239590293337614	0.0
113.0	24.799683720125273	25.199602424859048	25.54724650603923	24.45346734897645	0.0
114.0	24.630519153629518	25.420532028952834	25.357649000195515	24.59129981722213	0.0
115.0	24.53667161887182	25.630289531113753	25.591174497789375	24.24186435222505	0.0
116.0	24.64742877376568	25.361938071501182	25.590367012351127	24.40026614238201	0.0
117.0	24.626245019800123	25.440846045060972	25.183528994270816	24.749378994397166	9.464709265095707E-7
118.0	24.451415293188727	25.574589558197896	25.58666577462823	24.387329373985146	0.0
119.0	24.602397510162344	25.252572212468653	25.554394038504665	24.590633398892198	2.839972142145263E-6
120.0	24.589981224116126	25.436693906890717	25.31031106525902	24.66301380373413	0.0
121.0	24.151225112973083	25.630903726036347	25.68207506847867	24.535785676821014	1.0415690886080152E-5
122.0	24.557092579042646	25.289519001755306	25.45764032684465	24.694084218621644	0.0016638737357530812
123.0	24.695894577986724	25.601190298153988	25.15993821654438	24.54297690731491	0.0
124.0	24.197636309611454	25.656871893787276	25.60426003981681	24.538628682034076	0.0026030747503795297
125.0	24.66124814269893	25.437869811721743	25.58468697901966	24.31619506655967	0.0
126.0	24.391955487798118	25.522527437071762	25.282538754825374	24.781208890349408	0.02176942995533827
127.0	24.36427153257363	25.80914749260963	25.519070273673716	24.242877978011453	0.06463272313157083
128.0	24.57710145591358	25.477045892365968	25.519855114656032	24.42599753706442	0.0
129.0	24.478337142103456	25.729693698538235	25.34892730200069	24.442961265856958	8.059150065536534E-5
130.0	24.320264131486717	25.888988664341856	25.656114223909672	24.13463298026176	0.0
131.0	24.656698579650666	25.351587938483615	25.612354054049156	24.379359427816564	0.0
132.0	24.57928539495086	25.644388015102322	25.1623887374911	24.613937852455724	0.0
133.0	24.418309108526717	25.798579242787216	25.603876963817658	24.179234684868405	0.0
134.0	24.558484789882918	25.545886300438998	25.41664202329472	24.47592237149806	0.003064514885299396
135.0	24.608571563042368	25.69476663137612	25.133426605885855	24.563235199695654	0.0
136.0	24.387223402465313	25.850203640864645	25.757171123795285	24.005401832874757	0.0
137.0	24.631264955511593	25.632536569538278	25.521797334275675	24.21358555204054	8.155886339187306E-4
138.0	24.44258783924526	25.595537381139	25.410425798754694	24.55144898086105	0.0
139.0	24.276869824065724	25.568131645026792	25.809513540146312	24.34516181996105	3.231708001244751E-4
140.0	24.531950590336464	25.405923318973873	25.55429226455985	24.50783382612981	0.0
141.0	24.38137780048138	25.567815879092404	25.253164909757757	24.79764141066846	0.0
