# Position (bp)	A	C	G	T	N
0.0	21.663187978140677	25.861949710619285	23.6484654147014	28.826396896538636	0.0
1.0	35.28746444744007	19.518173302123195	24.22725482883858	20.967107421598143	0.0
2.0	24.548388185609618	28.900603573763373	26.889052982514894	19.661955258112112	0.0
3.0	21.672696917797513	26.914089180725608	24.40058113617264	27.01263276530424	0.0
4.0	25.295741078527257	23.17276150117472	23.092360465845825	28.43908404703163	5.290742057040876E-5
5.0	25.441806902457685	23.702255156620943	23.299161044084485	27.556776896836887	0.0
6.0	25.66857077354093	23.949623430776228	23.344417911872423	27.037387883810414	0.0
7.0	25.980753005979444	23.79337756565598	23.86193823677003	26.363931191594542	0.0
8.0	26.05175550776377	23.592275976424787	24.11022034552687	26.24572266686622	2.5503418350678633E-5
9.0	26.249634329994382	23.54494663995389	24.188340078004504	26.017078952047225	0.0
10.0	26.202413976327126	23.44187832297768	24.47757847043695	25.878129230258253	0.0
11.0	26.304301810178448	23.78846143675248	23.962173994697817	25.945062758371247	0.0
12.0	25.872081151671754	23.84658499629666	24.08503413597983	26.19629971605175	0.0
13.0	25.990925193663234	23.93832479046631	24.05135082325438	26.01939919261607	0.0
14.0	26.104377771855976	23.60022023810347	23.969404940766744	26.32599704927381	0.0
15.0	25.791960675911874	23.89269135235959	23.740949330808377	26.573296035177123	0.001102605743029362
16.0	25.857066035431703	23.936817840139952	24.15270362427223	26.05341250015611	0.0
17.0	26.40739537753525	23.44500195135858	23.954869015504375	26.19266817224426	6.548335753655829E-5
18.0	26.32641392161363	23.93052335390687	23.667089999263684	26.075972725215816	0.0
19.0	25.869706117600717	23.883123422962615	24.2531526108555	25.994003300370665	1.4548210505550132E-5
20.0	26.59319780692057	23.76076462828396	23.86102018667743	25.78501737811804	0.0
21.0	26.0952170858879	23.99149356120321	23.75324280274811	26.159950187320725	9.636284005616716E-5
22.0	25.718841059481345	24.052282367683343	24.255682658858248	25.97319391397706	0.0
23.0	25.8790769651759	23.91056369192406	24.28658741965408	25.92348379151293	2.8813173302847967E-4
24.0	26.13087309560215	23.99035164440401	23.99226569772065	25.886509562273186	0.0
25.0	26.031232608404032	24.086404659059035	24.44092455715548	25.44137546919112	6.270619033602548E-5
26.0	25.818912069827732	23.919743633451894	24.56886644190422	25.692477854816158	0.0
27.0	26.30424536340172	23.93707905972715	23.938359305034147	25.819893763627082	4.2250820990240583E-4
28.0	26.18173813662767	24.195061142860556	24.453081171534674	25.170119548977098	0.0
29.0	26.349218765366416	23.880632975234622	24.303142486202503	25.46699941369984	6.359496620404508E-6
30.0	25.940338904527394	24.141333839014102	24.105576152458212	25.81275110400029	0.0
31.0	25.758609379111707	24.312579043620225	24.44112805277668	25.485825945482738	0.001857579008648688
32.0	26.275241455071026	24.04423849887834	24.096752989343496	25.583767056707142	0.0
33.0	26.326388340466394	24.22346652253253	23.87842560583725	25.571719531163822	0.0
34.0	25.73153774360721	24.667394334839713	24.289443672245838	25.311624249307247	0.0
35.0	26.262049929217962	24.337755651756	24.153846768601035	25.246325854570063	2.179585493696094E-5
36.0	25.82073125385756	24.283098084002496	23.991723911365717	25.90444675077423	0.0
37.0	26.158108021314046	24.278542071337426	24.599633781881984	24.963716125466544	0.0
38.0	25.927958937534733	24.31477159095406	24.39363812837147	25.363631343139737	0.0
39.0	25.70466141733685	24.55307894014552	24.136745789656093	25.605506589104145	7.2637573907936974E-6
40.0	25.744558713779863	24.35376693828844	24.37551085586126	25.526163492070435	0.0
41.0	25.877071893867292	24.232948260598622	24.485718207045217	25.40426163848887	0.0
42.0	25.743288284045423	24.560189654135407	24.16734685076766	25.528550596187173	6.24614864335785E-4
43.0	25.59569465578112	24.55938012502287	24.709462655571375	25.13244215689614	0.0030204067284966105
44.0	25.481033511702574	24.332147534715425	24.379003990347144	25.807814963234865	0.0
45.0	25.67467446642108	24.508823553281076	24.22553494240245	25.59096703789539	0.0
46.0	25.676404583116703	25.014579982711986	24.516640678666914	24.791983517155597	3.9123834880169637E-4
47.0	26.0733048603244	24.401512560672227	24.352420529511697	25.172620445718575	1.416037731087827E-4
48.0	25.81315935011498	24.838854283430003	24.247992782883745	25.099993583571273	0.0
49.0	25.609971226728927	24.800430083708804	24.5058744078273	25.083502809937052	2.2147179791286612E-4
50.0	25.597316550162912	24.608871948487963	24.44393240452184	25.349879096827294	0.0
51.0	25.931088373060952	24.43863929081081	24.39555975544896	25.23471258067928	0.0
52.0	25.652454628210066	24.58324274019367	24.68095853146399	25.083344100132276	0.0
53.0	25.868438981171295	24.311049077307988	24.3963323961553	25.424104213158778	7.533220663580714E-5
54.0	25.688866285035438	24.62113462738196	24.3341492690718	25.355504020213786	3.4579829701508817E-4
55.0	25.234785324396427	24.854845290518394	24.80316556793216	25.107191110735567	1.2706417453280885E-5
56.0	25.632792931704873	24.444469816648603	24.911987973478418	25.010749278168102	0.0
57.0	25.545097435300384	24.59562758895518	24.573967252759097	25.28530772298534	0.0
58.0	25.57239689803109	24.75439137036723	25.02481364389156	24.64839808771012	0.0
59.0	25.64291791941622	24.58293072501317	24.887580285356126	24.88620985832026	3.612118942212205E-4
60.0	25.410679283634362	24.679994379311985	24.821400986528218	25.087925350525435	0.0
61.0	25.2980727767078	24.865596153948253	24.913188984176095	24.92314208516785	0.0
62.0	25.52650511405561	24.830139273258908	24.69479210232959	24.94856351035589	0.0
63.0	25.35933162344251	24.59296440092974	24.602327872699618	25.439423882406846	0.005952220521285291
64.0	25.159887533845694	24.99074199803668	24.94603442661775	24.90333241153366	3.62996621690266E-6
65.0	25.23760271479376	24.53213341565085	24.92256960169173	25.307095326617546	5.989412461143233E-4
66.0	25.054214545991943	24.92512600602564	24.431578867604888	25.589068783016444	1.1797361084598559E-5
67.0	25.09923730181477	25.08137255925995	24.848004717613332	24.971385421311947	0.0
68.0	25.069315895974793	24.806095718771047	24.652620114006147	25.471968271248013	0.0
69.0	25.112596629241303	24.895024520172505	24.699907486251984	25.29247136433421	0.0
70.0	25.03920867087917	24.821753337872387	25.109300077387775	25.02527660286959	0.00446131099108305
71.0	25.020996673248476	24.416627359587512	25.140546460286917	25.421829506877092	0.0
72.0	24.955041071221814	24.916521571165067	24.781461916126773	25.34693914000669	3.630147965012562E-5
73.0	24.665842247973053	25.09051952081707	25.026476418712125	25.217161812497746	0.0
74.0	25.22786442468669	24.8438962980844	24.809240922762513	25.11899018638003	8.168086366295817E-6
75.0	25.19939481150601	24.756448007170935	24.67720677064498	25.36695041067808	0.0
76.0	24.86703267963036	24.962789880067206	24.998376288976054	25.171559727552	2.414237743822583E-4
77.0	24.97733849483749	24.92331538707737	25.071503401070533	25.027842717014607	0.0
78.0	24.990793885184676	25.089970592441208	24.695050027885422	25.224185494488697	0.0
79.0	24.990262005381172	25.342925633961737	24.95113121486877	24.71568114578832	0.0
80.0	25.276828111476014	24.818575020526453	24.97395292851248	24.930643031787174	9.076978816555303E-7
81.0	25.05196273257691	25.0700364502525	24.813132046830056	25.06486877034054	0.0
82.0	25.056869884911315	25.237166371640207	25.202589249230012	24.50337449421847	0.0
83.0	25.49829928863498	24.875808373259943	24.769968822757768	24.855923515347307	0.0
84.0	25.30089184471956	25.01069509750166	24.465436445175726	25.222976612603055	0.0
85.0	25.142185074332673	25.21657135461131	24.835933804326608	24.80530976672941	0.0
86.0	25.07123562935909	25.00699873149467	25.11171006800163	24.810055571144606	0.0
87.0	25.164099461841232	25.07249173003282	24.673257570343896	25.090151237782056	0.0
88.0	24.891903123953526	25.12696046016087	25.014911142772206	24.966225273113402	0.0
89.0	25.10156177327505	25.184630386256927	24.757583680239456	24.956224160228565	0.0
90.0	24.80458078712012	25.0258255206947	24.632212705479724	25.537376446712894	4.539992562947383E-6
91.0	24.745673660019772	25.125054264034407	25.092343293895176	25.036928782050648	0.0
92.0	25.32209487543584	25.006914280654513	24.85232061801578	24.818670225893865	0.0
93.0	25.029665472346995	25.082823535997168	24.951089396130953	24.936421595524884	0.0
94.0	24.803169617823364	25.050802707895148	25.16671288101191	24.979292997619908	2.1795649673691428E-5
95.0	24.92034215810924	25.087559575763034	24.937739504705096	25.05435876142263	0.0
96.0	24.995239488815827	25.011520500642114	24.727445635307404	25.265794375234652	0.0
97.0	25.01980822538773	24.91648864529141	25.108377337533632	24.955325791787224	0.0
98.0	25.25334983673959	24.641266368414115	25.011229614339637	25.094154180506656	0.0
99.0	25.284090620063456	24.77600363842957	24.957964177005515	24.98194156450146	0.0
100.0	24.9671393437716	25.15254471937108	25.120603836303452	24.75971210055387	0.0
101.0	25.249890191226925	24.786153722616202	24.89625547655045	25.067700609606412	0.0
102.0	25.224825844604776	24.725624820084587	24.7310813931087	25.318467942201938	0.0
103.0	25.085626988057353	24.963464964371358	25.19804094471626	24.752867102855035	0.0
104.0	25.5550628383448	24.596480414472698	25.000806859263246	24.84764988791925	0.0
105.0	25.427484228337565	25.127005103902494	24.513298093806675	24.932212573953265	0.0
106.0	25.116799127673513	25.143817607197583	25.070766297767307	24.6686169673616	0.0
107.0	25.28548813359332	24.695734362093134	25.31205036842423	24.706727135889313	0.0
108.0	24.964121385310285	25.0827605013913	24.798083698848032	25.155034414450384	0.0
109.0	24.875589802693433	25.230760032552595	25.173666556484996	24.719983608268965	0.0
110.0	25.35610067377278	24.916306180382843	24.771651722051065	24.955941423793313	0.0
111.0	25.381700023331643	25.11171618203672	24.66552596805919	24.841057826572445	0.0
112.0	25.16645597785745	25.15065363532517	25.071441916027215	24.61144847079017	0.0
113.0	25.44537226699771	24.616876370108955	25.020515351671047	24.917236011222293	0.0
114.0	25.201510980235497	24.951748932635343	24.89112037604508	24.95561971108408	0.0
115.0	25.098680879110326	25.202113828550576	25.07426283528899	24.624942457050107	0.0
116.0	25.14952038151103	24.88157220394797	25.13167250899153	24.83723490554947	0.0
117.0	25.1788206771894	24.912610296334293	24.606587052036048	25.301981974440256	0.0
118.0	25.10224916834105	24.985570091035477	25.02551948331743	24.88666125730604	0.0
119.0	25.196379041737032	24.63868902669087	25.062713415309496	25.102218516262603	0.0
120.0	25.167700527451647	24.829894376382946	24.879079889452008	25.1233252067134	0.0
121.0	24.589462635221	25.060479355644418	25.162356467963225	25.187701541171354	0.0
122.0	25.077746869025997	24.713205443916173	24.89009509848319	25.318277339965306	6.752486093382297E-4
123.0	25.187338539626957	25.20415923413624	24.596563637963534	25.01193858827327	0.0
124.0	24.632175579733392	25.133623996088183	25.02400281712675	25.2066865760422	0.003511031009476853
125.0	25.165978745128196	25.027534979352158	25.056604510184734	24.749879034006263	2.731328650998418E-6
126.0	24.75089082785101	25.026681991726747	24.785312477570745	25.437114702851492	0.0
127.0	24.786851069730396	25.391372892968217	25.054111192397094	24.76733332559181	3.315193124799489E-4
128.0	25.01113338572684	25.027418413373358	25.062223025516918	24.89922517538288	0.0
129.0	24.974318299646566	25.34013993456114	24.855501483809302	24.82985076258778	1.8951939521445304E-4
130.0	24.88415952842492	25.44334017766088	25.21846801894539	24.45403227496881	0.0
131.0	25.292453376201006	24.879582794043817	25.11486694632464	24.712964701834647	1.321815958896665E-4
132.0	25.047155885050714	25.1826154409705	24.67770075424704	25.09252791973174	0.0
133.0	24.846974906013603	25.44335485962732	25.08530340460709	24.624230915690976	1.3591406101016182E-4
134.0	25.0037352057583	25.146658219031075	24.931850234343493	24.915789602510497	0.0019667383566374184
135.0	25.114480596604867	25.23718087730609	24.65703766512131	24.99130086096773	0.0
136.0	24.870916504539153	25.384964702553216	25.302629873352128	24.4414889195555	0.0
137.0	25.11603464860277	25.251908849712834	25.09843943489607	24.533201770348352	4.152964399709761E-4
138.0	24.93813659180409	25.075531656195434	24.967272867158425	25.019058884842053	0.0
139.0	24.70687561040613	25.05947543359942	25.378679880213973	24.854465945655843	5.031301246357793E-4
140.0	24.89547233701349	24.87534743485464	25.19504001567502	25.03414021245685	0.0
141.0	24.718431698058755	25.06489182265931	24.845133837068246	25.37154264221369	0.0
