# Position (bp)	A	C	G	T	N
0.0	17.047216467383514	32.08145471128427	33.17074135935327	17.69914151270938	0.001445949269552716
1.0	21.987015018994075	19.72755013900937	23.45679642627651	34.7999057539875	0.028732661732540084
2.0	25.101187053869406	23.115884553156267	24.7938612235962	26.988680159294987	3.8701008314436804E-4
3.0	30.09528896372715	23.251030983695152	27.42923270921177	19.22444428239434	3.0609715848273227E-6
4.0	33.411440732383554	18.80628703281256	26.2940571966773	21.488215038126583	0.0
5.0	35.717089982734066	21.051652123399496	20.438783039629506	22.79169720118488	7.776530520578891E-4
6.0	17.35078901222589	21.801498110551773	20.730235165294626	40.11747771192771	0.0
7.0	21.211107165491	29.654359876049863	21.759866224060158	27.374666734398982	0.0
8.0	21.42499922618524	26.022113589490452	23.891439083672996	28.66144810065131	0.0
9.0	34.91272459914186	19.708642710958603	24.630635685243586	20.747997004655954	0.0
10.0	24.097884171278704	29.151443268893573	27.284221084079892	19.466451475747828	0.0
11.0	21.33849004115432	27.068791280652	24.840115858433435	26.752602819760245	0.0
12.0	24.93726824468199	23.419024094286613	23.514738011131428	28.128969649899965	0.0
13.0	25.121286201051436	23.94134036391384	23.70449100994181	27.232882425092917	0.0
14.0	25.463392421078083	24.240317896671417	23.680376689699738	26.61588959966752	2.339288324008845E-5
15.0	25.756140564095375	24.11828630060617	24.21706360552885	25.908509529769606	0.0
16.0	25.832637089998308	23.834612503051535	24.525903358378095	25.806037678087307	8.093704847536411E-4
17.0	26.025409882132326	23.812720215494696	24.565311154667903	25.59655874770507	0.0
18.0	25.824930746289198	23.768597329819055	24.885161156400372	25.52131076749137	0.0
19.0	26.022682833271666	24.097851329936496	24.338765156649586	25.49987210067331	0.04082857946894508
20.0	25.62437919573434	24.07989455973697	24.45359290025697	25.842131311617806	2.0326539143583758E-6
21.0	25.66312998290928	24.31141248732535	24.458782835574315	25.566674694191054	0.0
22.0	25.644649144628023	23.984891690046446	24.38882176258989	25.98163740273564	0.0
23.0	25.511981143031498	24.256530446629686	24.125717797163222	26.105623286758885	1.4732641671368413E-4
24.0	25.546194594705305	24.338383634373415	24.496891729603924	25.618530041317356	0.0
25.0	26.1491545861514	23.79744505387756	24.346664248912838	25.706718841387982	1.7269670217869586E-5
26.0	26.01816403827594	24.241926323797056	24.05393221493533	25.685977422991673	0.0
27.0	25.499956147026452	24.266061957776518	24.588670534768095	25.645296124885142	1.5235543792361478E-5
28.0	26.076479934947344	24.13524446909414	24.218173119173503	25.570102476785017	0.0
29.0	25.723560795053306	24.30943465553626	24.120737177848266	25.846115035650918	1.523359112462545E-4
30.0	25.344830539945978	24.424226300989886	24.58227448863667	25.648668670427465	0.0
31.0	25.62249339199811	24.23257416814909	24.583988865000066	25.55930361387589	0.0016399609768493056
32.0	25.84804828868258	24.284352750493927	24.306931182673022	25.560667778150474	0.0
33.0	25.5718393851795	24.435709693170935	24.818999804688538	25.173211495913183	2.3962104784172307E-4
34.0	25.541917208649025	24.21350466405108	24.84054551826369	25.404032609036207	0.0
35.0	25.94076690354507	24.331452131836603	24.28558619587913	25.442041472820087	1.5329591911238292E-4
36.0	25.798440804960123	24.515302631562918	24.828724264328187	24.857532299148772	0.0
37.0	26.050868607334188	24.166710840820556	24.655443122323806	25.126977429521446	0.0
38.0	25.76868082624701	24.43596840676016	24.365297992766983	25.430052774225853	0.0
39.0	25.577319401582997	24.59228778406232	24.78583341170716	25.042806522031313	0.0017528806162036123
40.0	25.940952015842417	24.37152859234255	24.519194123819005	25.16832526799603	0.0
41.0	25.984188724375112	24.54578604301316	24.261479070361567	25.208546162250162	0.0
42.0	25.487176538829804	24.917709406936456	24.627916168467458	24.92378852405785	0.043409361708432855
43.0	25.869899646962153	24.539734692827704	24.579564390551383	25.010798225117952	3.0445408100246417E-6
44.0	25.531189493407346	24.52566667372303	24.334013308438912	25.609130524430707	0.0
45.0	25.838127248186154	24.59676672180654	24.952683251114003	24.590764286126724	0.021658492766582983
46.0	25.710397584303657	24.539530817751476	24.72796002769161	25.022105481776926	6.088476337791224E-6
47.0	25.512184272995448	24.777238722302215	24.48202276179723	25.228294477781084	2.597651240278011E-4
48.0	25.488067069138236	24.736880966994327	24.7288549541082	25.046197009759236	0.0
49.0	25.62404832347205	24.570690271986894	24.771260518698263	25.03400088584279	0.0
50.0	25.48186906945537	24.8211036646321	24.461588168569104	25.234618269493186	8.208278502404964E-4
51.0	25.306743331006786	24.87699280842635	25.047781623431536	24.76786231587324	6.199212620858266E-4
52.0	25.21920675895391	24.634709511901182	24.746903203810017	25.39918052533489	0.0
53.0	25.420587668134754	24.807504420186202	24.549181487524738	25.22269700240799	2.942174631679557E-5
54.0	25.28201262118774	25.242958827795746	24.878740482444968	24.596286039539546	2.0290319985447783E-6
55.0	25.68588888535282	24.662879884644916	24.66710423073841	24.98405902827724	6.797098661479824E-5
56.0	25.414712451834237	25.121030258891135	24.587715675618526	24.8765416136561	0.0
57.0	25.325145221501	25.08508562917411	24.903972967536316	24.68530315670872	4.930250798510419E-4
58.0	25.343877275961134	24.89172330882937	24.75597547139087	25.008423943818624	0.0
59.0	25.554751876559234	24.815537511991614	24.642750134655852	24.986960476793303	0.0
60.0	25.333071111328962	24.913009030164606	24.95566558591219	24.79825427259424	0.0
61.0	25.49273566488943	24.61966303963541	24.785973600901805	25.101557700253647	6.999431970735314E-5
62.0	25.308087429105324	24.929155409125453	24.70856347797578	25.053683439420375	5.102443730722235E-4
63.0	24.98718715497831	25.089063017976326	25.12858797193286	24.79498535008251	1.7650502998759596E-4
64.0	25.387198714095277	24.754914682916073	25.129201997125485	24.72868460586317	0.0
65.0	25.229971319196746	24.898084048170798	24.84058164511974	25.03136298751272	0.0
66.0	25.253431306778573	25.07662328468389	25.291862011676276	24.378083396861257	0.0
67.0	25.31767785584404	24.818811388752362	25.1808411864772	24.68266754016862	2.0287577835955114E-6
68.0	25.042565859998355	24.966627452820596	25.102913268828193	24.887893418352864	0.0
69.0	24.946948140559716	25.203379324325027	25.185204751369163	24.664467783746094	0.0
70.0	25.24774048385023	25.12068828197655	24.93440618297927	24.697165051193952	0.0
71.0	25.084293556861077	24.924180226850716	24.876955669959415	25.111977897158656	0.0025926491701392545
72.0	24.79196701736379	25.3269181743038	25.25250455571795	24.62861025261446	0.0
73.0	24.995634983134394	24.82718839142974	25.249325817528124	24.927850807907742	0.0
74.0	24.802635838611387	25.21705855747351	24.7459734314984	25.234324057499823	8.11491687976861E-6
75.0	24.793846732318134	25.388158182164005	25.169362563712216	24.648632521805638	0.0
76.0	24.828294935780168	25.11916886023146	24.985055518811016	25.06748068517735	0.0
77.0	24.885589956351225	25.212661576987834	24.898121956876444	25.003626509784493	0.0
78.0	24.83326407792444	25.133521324183704	25.369556783034213	24.65863129440824	0.005026520449396695
79.0	24.728891757698523	24.761523971346993	25.46586626526146	25.043718005693023	0.0
80.0	24.774157558212924	25.20949038652643	25.051693585868406	24.964655425922572	3.0434696641704707E-6
81.0	24.50047119907923	25.410291077979785	25.308689902004534	24.78054782093646	0.0
82.0	24.96154378284671	25.043608603036667	25.134587248641864	24.858251558927726	0.0020088065470292506
83.0	24.878646381547973	25.116565787055766	24.98063053842213	25.02415729297413	0.0
84.0	24.571318412276135	25.324074891409893	25.29243892218546	24.811692930203016	4.7484392549820565E-4
85.0	24.787595875309894	25.22500575594055	25.364901670190243	24.62249669855931	0.0
86.0	24.77890677532367	25.39501815961017	24.95957797380315	24.86649709126301	0.0
87.0	24.63161502301321	25.608839019194374	25.302530315539602	24.457015642252816	0.0
88.0	25.001787800161296	25.100529573451837	25.1923352808406	24.705100752420574	2.4659312569603575E-4
89.0	24.803470413507252	25.395727169922804	24.99082793597587	24.80997448059407	0.0
90.0	24.72358241661661	25.530564108466024	25.471255471858314	24.274598003059054	0.0
91.0	25.19672716362784	25.21863848552727	25.01069254036967	24.573941810475215	0.0
92.0	24.992296248876105	25.355125672033026	24.77312199193386	24.879456087157013	0.0
93.0	24.788467148322084	25.53128865626576	25.16754958520384	24.512694610208317	0.0
94.0	24.806111497717257	25.281873234704545	25.355126848513287	24.55688841906492	0.0
95.0	24.863297592712033	25.35149078240983	24.90235187030053	24.88271052583893	1.4922873867352605E-4
96.0	24.603422100715942	25.433769172805302	25.31674714310644	24.646026050470102	3.5532902213646E-5
97.0	24.877662809160967	25.45039283463517	25.069997617707234	24.601946738496625	0.0
98.0	24.61872075474158	25.334680970112466	24.874225881039223	25.172372394106734	0.0
99.0	24.51151288187134	25.448691408559142	25.352792994102945	24.687002715466573	0.0
100.0	24.97042192034875	25.309749294953875	25.161220133664568	24.558608651032806	0.0
101.0	24.715063335666375	25.325492753487183	25.23072985035816	24.72871406048828	0.0
102.0	24.533238484157327	25.4519898312794	25.46291459073638	24.551657002936878	2.0009089001717806E-4
103.0	24.705336759222906	25.402370527327296	25.2728036409642	24.6194890724856	0.0
104.0	24.81691837729464	25.352662765582156	25.004849282551007	24.825569574572192	0.0
105.0	24.787239301839755	25.282253318115128	25.42936228593657	24.50114509410855	0.0
106.0	24.91782825539931	24.989501375007432	25.35075771469853	24.741912654894726	0.0
107.0	25.00219444812246	25.083523672958435	25.277269206197133	24.63701267272197	0.0
108.0	24.662309748139993	25.50563049394579	25.446616263912436	24.38544349400178	0.0
109.0	24.96509950924037	25.050900826419063	25.224840188745006	24.759159475595556	0.0
110.0	24.88891252214936	25.039320763287314	25.030421017736682	25.02007169626883	0.021274000557812266
111.0	24.77236407421391	25.264100881847533	25.504936831980533	24.458598211958023	0.0
112.0	25.173331443465035	24.91584942826824	25.33871898348133	24.5721001447854	0.0
113.0	25.11692913437474	25.380136315097236	24.824925739437653	24.678008811090375	0.0
114.0	24.804021004925975	25.453377934998787	25.336169039632672	24.40643202044257	0.0
115.0	24.930717033840278	24.985169925654933	25.591549988631527	24.492563051873258	0.0
116.0	24.68720283393008	25.373148434963472	25.088225089534454	24.851423641571994	0.0
117.0	24.56802968436838	25.513121562048724	25.574974680332872	24.343874073250017	0.0
118.0	24.976972389582674	25.193638725155992	25.143647021486927	24.685741863774407	0.0
119.0	24.95603931040161	25.418513246347825	24.99535976860394	24.63008767464663	0.0
120.0	24.6857830763381	25.466373667561438	25.4338303527362	24.414012903364263	0.0
121.0	25.044502622279214	24.970354665483647	25.361794456515913	24.623348255721222	0.0
122.0	24.803660907658212	25.205113028152997	25.192210301189306	24.799015762999485	0.0
123.0	24.762893247565103	25.497204600582428	25.339244465940375	24.40065768591209	0.0
124.0	24.807871134315832	25.19667560415354	25.447947985352666	24.547505276177965	0.0
125.0	24.855892609669443	25.25382073131649	24.944936960624993	24.945349698389077	0.0
126.0	24.676644551258136	25.334752203183097	25.35526748245363	24.633335763105137	0.0
127.0	24.774646544037235	25.026277633369602	25.40812587929004	24.79094688450401	3.0587991117981487E-6
128.0	24.78185098244453	25.2375504779882	25.120776602618918	24.859821936948347	0.0
129.0	24.269919094641835	25.447820598971216	25.50748838988166	24.77475049326999	2.1423235294147652E-5
130.0	24.7646157326522	25.05697819385628	25.282109218063304	24.894821282331595	0.001475573096620659
131.0	24.94943383482705	25.426260541148483	24.932742363516624	24.69156326050784	0.0
132.0	24.323241714425528	25.48315954725675	25.384310328324567	24.806977670248678	0.0023107397444764996
133.0	24.821531317424668	25.289385912881524	25.443487615490472	24.445595154203335	0.0
134.0	24.557679781084094	25.320556195049853	25.115729212260696	24.98449913781691	0.021535673788452815
135.0	24.5186822929876	25.677010963964076	25.308411417865507	24.43147910635302	0.06441621882979803
136.0	24.745770282810092	25.31699224160564	25.32459039970985	24.61264707587442	0.0
137.0	24.62889660723666	25.599644425226842	25.15424290647756	24.617150583704525	6.547735441655038E-5
138.0	24.47853269314223	25.776184083953552	25.44685430432903	24.298428918575187	0.0
139.0	24.832224373543873	25.19135138861664	25.46654719524724	24.509877042592247	0.0
140.0	24.80689005729777	25.50952292426773	24.926611146506797	24.7569758719277	0.0
141.0	24.614889401452967	25.706285541275747	25.352561304383244	24.326263752888046	0.0
142.0	24.70583452380883	25.436118013202787	25.261295351647124	24.594043161997725	0.0027089493435399977
143.0	24.853061054535633	25.487668155562528	24.9052728260726	24.753997963829242	0.0
144.0	24.574101880356167	25.739573568451235	25.572274443484748	24.114050107707854	0.0
145.0	24.782612240554926	25.550271001728	25.370255513797236	24.29625798382818	6.032600916560029E-4
146.0	24.619243825598407	25.435850546057853	25.24853875706058	24.696366871283164	0.0
147.0	24.42155427998921	25.36756250304006	25.662289473951517	24.548299543542804	2.941994764116434E-4
148.0	24.699855110271738	25.234164405391162	25.41310347475087	24.652877009586234	0.0
149.0	24.54347551656734	25.38086765761224	25.076439817068362	24.999217008752055	0.0
