# Position (bp)	A	C	G	T	N
0.0	21.39617289419826	25.848779779053167	24.121081675003527	28.633965651745047	0.0
1.0	34.61914080518382	19.71867297878317	24.837653946754795	20.824532269278215	0.0
2.0	23.982168615843907	29.099591088696403	27.40321894577193	19.51502134968776	0.0
3.0	21.18547274536963	27.030743609006063	25.040933756797497	26.742849888826814	0.0
4.0	24.85143947068049	23.48140914422137	23.73509884666704	27.931998039008594	5.44994225062365E-5
5.0	25.104143075591136	23.894713997317805	23.819918308357245	27.18122461873381	0.0
6.0	25.25829979392383	24.211228609252814	23.880033756753534	26.65043784006983	0.0
7.0	25.466394538766068	24.08670227176926	24.470999977993465	25.975903211471213	0.0
8.0	25.64636448797305	23.846417077455744	24.65293398955275	25.85425893430633	2.5510712126596947E-5
9.0	25.87911604099895	23.826542155262135	24.66693113702493	25.627410666713985	0.0
10.0	25.69629379349771	23.77631667898372	25.06972252121737	25.4576670063012	0.0
11.0	25.949188684214825	24.01150744619932	24.5219992417901	25.517304627795756	0.0
12.0	25.519421427952572	24.087290827904052	24.527180318832016	25.86610572582021	1.6994911485572459E-6
13.0	25.51553155439385	24.28221522934747	24.61235515315071	25.589898063107974	0.0
14.0	25.64455008512041	24.005048608680582	24.4861505187078	25.864250787491205	0.0
15.0	25.46575420272827	24.21984284851262	24.254219635510754	26.05904427214921	0.0011390410991425535
16.0	25.577368140633684	24.255887986042588	24.685637408861076	25.48110646446265	0.0
17.0	25.998003442845913	23.801538367005172	24.46454809259142	25.735832822212117	7.727534537069222E-5
18.0	25.9763491740101	24.22174720055645	24.110898308461632	25.691005316971815	0.0
19.0	25.49647583056391	24.223901397797185	24.71000977680863	25.569590921068624	2.2073761647963198E-5
20.0	26.086959216094595	24.130888447478252	24.360507473259382	25.421644863167774	0.0
21.0	25.657607423184974	24.317167343514402	24.270801467563203	25.754334638135955	8.912760146598097E-5
22.0	25.357448067357126	24.366792082037925	24.700831605712448	25.574928244892504	0.0
23.0	25.543967251387578	24.23826439564746	24.675934737492085	25.541517898464015	3.1571700885835727E-4
24.0	25.75527329623139	24.283035980015903	24.39080638472096	25.570884339031746	0.0
25.0	25.60591477511453	24.39637851078842	24.905387000290986	25.09226116182556	5.855198050079883E-5
26.0	25.536456777242737	24.259089703086044	24.92159053452128	25.282862985149933	0.0
27.0	25.908208779373098	24.31332960337698	24.388669427370587	25.38938663072903	4.055591502972431E-4
28.0	25.783250460619282	24.515593303167872	24.85506526043297	24.846090975779873	0.0
29.0	25.95972251702159	24.14247487927648	24.727146432062362	25.170643446487084	1.2725152485502235E-5
30.0	25.651294618862753	24.420336538988856	24.52865593681939	25.399712905329004	0.0
31.0	25.436304485216283	24.623513983264672	24.869744144021144	25.068531427674344	0.0019059598235544332
32.0	25.990725307768926	24.31202450429532	24.54871880951317	25.14853137842259	0.0
33.0	25.94549879430949	24.480667626390346	24.368176657460282	25.205656921839882	0.0
34.0	25.449052287006324	24.834983775449906	24.727943267521564	24.988020670022202	0.0
35.0	25.865787062001193	24.52939950685403	24.60152383516246	25.003250585563354	3.901041897054286E-5
36.0	25.508792379182175	24.549776615077796	24.438423783926762	25.503007221813263	0.0
37.0	25.753352115107713	24.587071679362744	24.97330514498425	24.686271060545295	0.0
38.0	25.65522188262056	24.532281750759964	24.81087682010742	25.001619546512053	0.0
39.0	25.489648854494778	24.72019211507369	24.500978528669414	25.28917117493154	9.326830576613324E-6
40.0	25.458438537581213	24.642643852252327	24.814215398576593	25.084702211589864	0.0
41.0	25.60615053788821	24.54958259207402	24.840272734591828	25.00399413544594	0.0
42.0	25.50642062745863	24.754651742662894	24.566290491566875	25.172001281108138	6.358572034622069E-4
43.0	25.363563637398244	24.86514381881412	25.03961156848552	24.72859587898616	0.0030850963159609317
44.0	25.273773852647132	24.54447831061097	24.82336645052814	25.358381386213757	0.0
45.0	25.429373493697483	24.74461051646197	24.591561588795035	25.234453553316875	8.47728634468458E-7
46.0	25.346873651942175	25.116945552654457	25.01604699550399	24.519715035198953	4.1876470042115864E-4
47.0	25.664355910184472	24.705677185164078	24.773610028250705	24.85620514219919	1.5173420155360903E-4
48.0	25.48954662875297	25.012233076524975	24.666578256745378	24.831642037976682	0.0
49.0	25.298723615522245	25.02221971435028	24.979297977645114	24.699554412241714	2.042802406529732E-4
50.0	25.304989387243733	24.825405639606103	24.830879592929097	25.038725380221067	0.0
51.0	25.59227422924194	24.729401911884928	24.75496414172135	24.923359717151783	0.0
52.0	25.32646845028859	24.842905790261685	25.060673760740787	24.769951998708937	0.0
53.0	25.550910972704088	24.636603017762095	24.792677501245315	25.01973392072172	7.45875667781214E-5
54.0	25.42241784218216	24.90565368949819	24.626060157471624	25.045533518032737	3.347928152885487E-4
55.0	24.995221828771193	25.05631546253503	25.14694603450776	24.801504808217555	1.1865968461781453E-5
56.0	25.35145539959424	24.707368623396324	25.18473789348058	24.75643808352886	0.0
57.0	25.262279893137574	24.872480478479137	24.8493804440236	25.01585918435969	0.0
58.0	25.266256266097837	25.034929098014064	25.34377666233576	24.355037973552342	0.0
59.0	25.409101007499068	24.82284243483834	25.192337383824764	24.575355580291784	3.6359354604674525E-4
60.0	25.17285193421329	24.904749227723872	25.06194833340632	24.860450504656516	0.0
61.0	24.979341831195306	25.114709949343105	25.26235529016211	24.64359292929948	0.0
62.0	25.258199996201547	24.965009879914778	25.05645069317121	24.72033943071246	0.0
63.0	25.142896844092704	24.873527496040364	24.930855053520297	25.04686360868618	0.005856997660455295
64.0	24.88163783900875	25.21976096033509	25.326759126705532	24.57184122646054	8.474900902983741E-7
65.0	25.077110180111628	24.801668100489263	25.20563004254839	24.91501030007271	5.813767780097268E-4
66.0	24.844759381458807	25.10521111526617	24.830330849832038	25.21967831366272	2.0339780266811306E-5
67.0	24.830498475647765	25.266790667801825	25.247965404568067	24.65474545198234	0.0
68.0	24.878025183012014	25.056257769274083	25.008297367339967	25.057419680373933	0.0
69.0	24.9425659709518	25.14301597833689	24.993684451822112	24.920733598889196	0.0
70.0	24.827680168915233	25.126835924970166	25.403603137613207	24.63750255692302	0.004378211578371208
71.0	24.79100068096274	24.789493796228435	25.41027606569041	25.009229457118415	0.0
72.0	24.759403836812137	25.15186086063183	25.11762582675903	24.971071337050542	3.8138746454325495E-5
73.0	24.491861074673565	25.348244929967755	25.361666543321622	24.798227452037054	0.0
74.0	24.961258115174946	25.102180073802867	25.13675244172487	24.799801741357054	7.627940263735187E-6
75.0	24.977336983419	25.020332215294573	24.968743530966975	25.03358727031945	0.0
76.0	24.675380340509903	25.263943424278963	25.262514401997617	24.79791264427478	2.491889387403321E-4
77.0	24.76826006752279	25.207146846549332	25.31238474242406	24.712208343503818	0.0
78.0	24.756443748108698	25.312808821941246	25.03778281721023	24.892964612739824	0.0
79.0	24.70533475964607	25.493736125351646	25.334461786508744	24.46646732849354	0.0
80.0	25.05354054177674	25.062632507818535	25.220836616166558	24.66298948658144	8.476567258797838E-7
81.0	24.84412307806288	25.301410253753108	25.034807603798605	24.81965821670649	8.476789216032203E-7
82.0	24.796427916096256	25.479822113975885	25.48421574082813	24.23953422909973	0.0
83.0	25.21556489833749	25.1138475822447	25.074711647994558	24.595875871423257	0.0
84.0	25.0787760714978	25.207089064390008	24.80990440869381	24.90423045541838	0.0
85.0	24.82132787921928	25.416447917624556	25.229714152667892	24.53251005048827	0.0
86.0	24.82194947754775	25.212590840595865	25.358823940890108	24.606635740966272	0.0
87.0	24.87435843264572	25.31803176066215	24.961520223308227	24.8460895833839	0.0
88.0	24.592948677893425	25.393725725425153	25.325225697895593	24.688099898785833	0.0
89.0	24.856168075357647	25.303064003467263	25.10760013305184	24.733167788123247	0.0
90.0	24.60886950097291	25.306676427043694	24.91023021430392	25.17422131397151	2.543707961569355E-6
91.0	24.53607784644644	25.397490995777826	25.36733687193048	24.699094285845256	0.0
92.0	25.01470619160939	25.229611789781593	25.1475562774909	24.608125741118116	0.0
93.0	24.74493704696903	25.292602395691187	25.212112457734793	24.750348099604988	0.0
94.0	24.493213441888777	25.36506050706115	25.468500578678245	24.67319239922859	3.307314324066533E-5
95.0	24.657925552101045	25.266107091570838	25.258134452048186	24.81783290427993	0.0
96.0	24.750603015119697	25.311621136545853	24.998651523107196	24.93912432522725	0.0
97.0	24.71269559976345	25.282470865592167	25.377655621877445	24.627177912766935	0.0
98.0	24.955288372398368	24.97312637372797	25.269224812421516	24.802360441452155	0.0
99.0	24.94410759489011	25.071840579463796	25.18507329595004	24.798978529696054	0.0
100.0	24.674847647108486	25.413363745905077	25.387597127727823	24.524191479258615	0.0
101.0	24.92342511879375	25.030434335298235	25.204909424662887	24.841231121245126	0.0
102.0	24.93797556166166	24.99880999167889	24.988099704704027	25.075114741955424	0.0
103.0	24.863796484066345	25.201605823670803	25.415098136378884	24.519499555883968	0.0
104.0	25.209653146238885	24.891989806679984	25.260569858746827	24.637787188334304	0.0
105.0	25.060948328259634	25.340627787550485	24.815975638384803	24.782448245805075	0.0
106.0	24.821909780983734	25.34332811168022	25.33042296493307	24.50433914240298	0.0
107.0	24.98612886623964	24.953683829116866	25.485234262332572	24.574953042310927	0.0
108.0	24.75010264464995	25.285580065788636	25.048938555625185	24.915378733936226	0.0
109.0	24.644493260122886	25.439937084369774	25.45424141471363	24.46132824079371	0.0
110.0	25.02697674301757	25.12044604400174	25.08136647400822	24.771210738972474	0.0
111.0	25.01795084877833	25.341355560777252	24.962356605829168	24.67833698461525	0.0
112.0	24.808977251129168	25.3702544992475	25.37802985667648	24.442738392946854	0.0
113.0	25.06704189186574	24.9446033208296	25.255607240371518	24.732747546933144	0.0
114.0	24.906594525172352	25.215766536486655	25.10664505546022	24.770993882880777	0.0
115.0	24.817466388989846	25.41304268238469	25.319711028551893	24.44977990007357	0.0
116.0	24.89377470420757	25.165532503477074	25.30569727471296	24.6349955176024	0.0
117.0	24.8513306879664	25.180023110056787	24.90252851684082	25.066117685135993	0.0
118.0	24.707956989451862	25.328405499956247	25.310886248397292	24.652751262194602	0.0
119.0	24.875144851880222	24.953356671120975	25.250185498907342	24.921312978091468	0.0
120.0	24.904493450566285	25.148489838031107	25.071035049360024	24.87598166204258	0.0
121.0	24.384522353843504	25.37427428076174	25.408563396325384	24.83263996906937	0.0
122.0	24.801558675977073	25.04769800757447	25.16911134947713	24.980974365178287	6.576017930404982E-4
123.0	24.935127465446914	25.40369909911588	24.906931288645577	24.754242146791626	0.0
124.0	24.406249814895844	25.38607702472801	25.360446924229446	24.843700280811028	0.0035259553356725205
125.0	24.92236200972621	25.226368474680704	25.299405876169224	24.551861939515756	1.6999081004182293E-6
126.0	24.580076754399947	25.26928264091582	25.050453967974658	25.10018663670958	0.0
127.0	24.62926028173043	25.594446778846102	25.308277126807006	24.467675720510844	3.400921056145491E-4
128.0	24.833379221747183	25.257045628996984	25.27163915656469	24.637935992691144	0.0
129.0	24.732260637040344	25.521654258335357	25.09527470158879	24.65060541654433	2.0498649117758983E-4
130.0	24.63275734125025	25.65384148584849	25.41619394055632	24.29720723234494	0.0
131.0	25.00577990579934	25.082432319151792	25.36218324875951	24.54947603193539	1.2849435396234166E-4
132.0	24.78922032280163	25.411126217043307	24.949603103264653	24.850050356890417	0.0
133.0	24.706462220031046	25.55281583734815	25.36828738800384	24.37227958814988	1.5496646708717016E-4
134.0	24.789545308683365	25.32943059507223	25.17103800494411	24.708011316803912	0.0019747744963854344
135.0	24.82159032438039	25.45472668419283	24.930599135759028	24.793083855667756	0.0
136.0	24.5941387329196	25.602009665816073	25.585607232236157	24.21824436902817	0.0
137.0	24.902216894084898	25.433414004219607	25.309008071366417	24.354969967067262	3.910632618171697E-4
138.0	24.683088925855344	25.36008987914098	25.187549051620863	24.769272143382818	0.0
139.0	24.501739489369292	25.35203173608777	25.574485825413422	24.571279378379334	4.63570750180722E-4
140.0	24.739668492869363	25.18195327394262	25.369072866228066	24.709305366959956	0.0
141.0	24.600766949168275	25.323092380347322	25.035806299363646	25.04033437112076	0.0
