# Position (bp)	A	C	G	T	N
0.0	21.741675782128	25.547386464360084	23.62508470659616	29.085853046915762	0.0
1.0	35.2987694344532	19.324360839397738	24.22440565497076	21.152464071178308	0.0
2.0	24.759678982737963	28.60762557151454	26.868340696168946	19.764354749578555	0.0
3.0	21.752106836015887	26.67850790292477	24.414188052035684	27.15519720902366	0.0
4.0	25.390810532965773	23.016954001646138	23.089255336089064	28.502967374626227	1.2754672797020272E-5
5.0	25.59405219050694	23.4274431095652	23.26263014616574	27.71587455376212	0.0
6.0	25.78391003246488	23.750126716357126	23.282911497766754	27.18300273354388	4.9019867360082106E-5
7.0	26.046796926984	23.637788400784824	23.81630618307157	26.4991084891596	0.0
8.0	26.131288473289803	23.372465630602886	24.105108717176158	26.390319114212456	8.180647186968368E-4
9.0	26.362659422069097	23.356617939941017	24.10005318864512	26.18066944934477	0.0
10.0	26.247354377218745	23.30339189900947	24.43518931993282	26.014064403838965	0.0
11.0	26.41678442960358	23.575260048626888	23.917491418464344	26.04914043059612	0.04132367270907067
12.0	25.958187875308724	23.66957530014443	24.01837205618423	26.353863789388427	9.78974189531498E-7
13.0	26.020968653613274	23.8149401899253	24.027243704049273	26.136847452412155	0.0
14.0	26.1897170626541	23.47763521355104	23.883714118634394	26.44893360516047	0.0
15.0	25.869399172942288	23.746934764268392	23.64286047341003	26.740650000486827	1.5558889246003994E-4
16.0	25.91595441617741	23.814535976072516	24.093350185849395	26.176159421900675	0.0
17.0	26.48338819445956	23.306724280835812	23.896810049087645	26.313023670217905	5.380539907831352E-5
18.0	26.422953138505246	23.765817768987613	23.579067726604222	26.232161365902922	0.0
19.0	25.967014783766718	23.73887710224315	24.205247422375304	26.088833306336014	2.738527881255553E-5
20.0	26.595816382874162	23.65277600851406	23.824195903623306	25.92721170498848	0.0
21.0	26.149525360103294	23.840285394314904	23.701166989355446	26.30881690674726	2.053494790958435E-4
22.0	25.800891589504705	23.91035415802907	24.164541714841917	26.124212537624313	0.0
23.0	26.004900712786156	23.791737872150577	24.19221127960566	26.00940104015735	0.0017490953002542553
24.0	26.234963467389377	23.83860014222741	23.91143054023442	26.015005850148793	0.0
25.0	26.11439347846828	23.91817625152692	24.374634399453203	25.592550507617783	2.453629338133975E-4
26.0	25.941517759083087	23.763692299704235	24.487387925886324	25.807402015326353	0.0
27.0	26.396271082394602	23.76877196975647	23.87762553653677	25.957144732033914	1.86679278236531E-4
28.0	26.260218665038494	24.037775288483022	24.386097272595343	25.315908773883137	0.0
29.0	26.458346511987695	23.71743527836411	24.22431649777483	25.599901711873365	0.0
30.0	26.06261091824489	23.99567336213687	24.040479161443535	25.901236558174705	0.0
31.0	25.8988231239957	24.169225056652753	24.35736176803992	25.57274137796633	0.0018486733453020275
32.0	26.42988218372982	23.851089213975747	24.033382416443715	25.685646185850718	0.0
33.0	26.436924273369915	24.028115072783912	23.816349769208635	25.71861088463754	0.0
34.0	25.827224629322316	24.467329822302496	24.21293962206721	25.44881391874586	0.043692007562118065
35.0	26.365782980708456	24.15713273201768	24.07162390629473	25.40545940408151	9.76897621676311E-7
36.0	25.994444639814944	24.097250550944814	23.882829472812244	26.025475336428	0.0
37.0	26.300611172618293	24.119284653574198	24.469560724772194	25.088872074401053	0.021671374634262587
38.0	26.09854813231292	24.121318457992675	24.324587123069204	25.455524798109042	2.148851615603343E-5
39.0	25.88491372152198	24.328048312396394	24.031137093307603	25.75559028086016	3.1059191386063396E-4
40.0	25.886068062555758	24.187859472511075	24.291575523035515	25.63449694189765	0.0
41.0	26.051527545712734	24.04568666520186	24.388462443492244	25.514323345593166	0.0
42.0	25.960681452631277	24.335688219212646	24.053913268672535	25.648766832722618	9.502267609227809E-4
43.0	25.78266340593393	24.398276479512166	24.57400002982437	25.24438820631109	6.718784184439064E-4
44.0	25.702874565886436	24.126034586005495	24.275734256528338	25.895356591579734	0.0
45.0	25.859907138103665	24.334369618603073	24.08848789241809	25.71720410324712	3.12476280487029E-5
46.0	25.82863352872377	24.76350831093457	24.458900998517482	24.948948373750934	8.788073241013192E-6
47.0	26.217416335976274	24.235677938630324	24.230112335642495	25.31669477117165	9.861857925797994E-5
48.0	25.98154743469623	24.635365874138873	24.14519556469802	25.237891126466877	0.0
49.0	25.80503102811475	24.617899620678855	24.399088587268672	25.177356864414957	6.238995227686126E-4
50.0	25.776360963027216	24.398447270751316	24.323481126925223	25.501710639296242	0.0
51.0	26.097037316521032	24.28674452489038	24.26257445688741	25.353643701701174	0.0
52.0	25.835583832855203	24.394720005009678	24.552084685633684	25.21761147650144	0.0
53.0	26.0637756650667	24.105400010071477	24.302486064190003	25.5282484413467	8.981932510813514E-5
54.0	25.910479059968644	24.414325577893443	24.169796826813087	25.504799097257987	5.99438066839961E-4
55.0	25.469973138506546	24.638112587598496	24.647641021034513	25.244061401420314	2.1185144012459832E-4
56.0	25.885821524255725	24.24783091855245	24.72720584813359	25.139141709058237	0.0
57.0	25.7632824990701	24.40911737914502	24.3739012155224	25.45369695376817	1.9524943100166754E-6
58.0	25.72810263758217	24.59334025200821	24.868998424822994	24.809558685586623	0.0
59.0	25.842996088169556	24.37469222759176	24.730364206994015	25.051946501022293	9.762223761160869E-7
60.0	25.629329706584404	24.471930441065687	24.63725896846272	25.261480883887188	0.0
61.0	25.526241436280483	24.678288982314236	24.74972158475963	25.04574799664565	0.0
62.0	25.74144585828659	24.56460952428291	24.587153683233844	25.10679093419666	0.0
63.0	25.615558200774963	24.37645889564094	24.48067883535274	25.52447813207631	0.002825936155044738
64.0	25.3775925593441	24.772626457200992	24.81195522783077	25.037825755624137	0.0
65.0	25.45847853215651	24.290505001650985	24.781745788293378	25.46926970176438	9.761347451716788E-7
66.0	25.28107418023445	24.69925329931649	24.302875463891912	25.71675898732364	3.806923350848857E-5
67.0	25.287621839752887	24.865892764110928	24.698978857350554	25.14750653878563	0.0
68.0	25.302177502205343	24.57394053007639	24.48933456803212	25.63454739968615	0.0
69.0	25.346730786639725	24.67301833894509	24.517762411576737	25.462488462838444	0.0
70.0	25.188651151696263	24.64328089709829	24.969023802384253	25.193711478276114	0.0053326705450855135
71.0	25.230270319468477	24.22720764302786	25.012199252634282	25.530322784869377	0.0
72.0	25.124020626419362	24.71261561059323	24.632138561560748	25.531224225261003	9.761656562489845E-7
73.0	24.840223304662818	24.891695227606437	24.912252563846568	25.35582890388418	0.0
74.0	25.416124535009793	24.625980040704228	24.673155439796677	25.28267143607485	0.0020685484144537356
75.0	25.38562542778583	24.52245107688154	24.49127299827471	25.60065049705792	0.0
76.0	25.048209012206392	24.755907158636596	24.81827438933982	25.377039323317014	5.701165001828864E-4
77.0	25.147995029453448	24.71176452206062	24.91641731750103	25.223823130984908	0.0
78.0	25.180781724168106	24.82986644981503	24.53055288849512	25.458798937521742	0.0
79.0	25.17220052477408	25.105385358264332	24.831888167434094	24.890525949527493	0.0
80.0	25.48743580339729	24.61125099723885	24.822250946324324	25.07879474431267	2.675087268620206E-4
81.0	25.27260104669265	24.860201631139056	24.622387677750133	25.244809644418158	0.0
82.0	25.247350960452824	25.03994873252502	25.043200986607552	24.669499320414612	0.0
83.0	25.67731449507648	24.65768058365993	24.612124502354636	25.052880418908956	0.0
84.0	25.493488823258453	24.779296956011592	24.321122963177512	25.406091257552443	0.0
85.0	25.350138483328056	25.000971067652024	24.687034513667935	24.96185593535199	0.0
86.0	25.283569907065484	24.761885000124742	24.958296913244602	24.996248179565168	0.0
87.0	25.406900377160486	24.837533432384436	24.467787472757372	25.287559006302583	2.197113951186319E-4
88.0	25.119811446100126	24.928852753171654	24.81940859590182	25.131839317481724	8.788734467352204E-5
89.0	25.316301943975994	24.9572089462499	24.58599784280335	25.140491266970756	0.0
90.0	25.020436615923362	24.809086859792597	24.446578511166674	25.723898013117363	0.0
91.0	24.957736537102075	24.91239377441173	24.880951320616266	25.248918367869933	0.0
92.0	25.562545650367813	24.790985213485357	24.66434252541512	24.982126610731715	0.0
93.0	25.262535993838192	24.859491932360005	24.724142794327093	25.15382927947471	0.0
94.0	24.969242469669695	24.869079776106275	24.953965285424022	25.20747512107469	2.3734772531800493E-4
95.0	25.107364933229544	24.83704409481268	24.7679760056032	25.28761496635458	0.0
96.0	25.21147732656904	24.83297833179215	24.48612543986906	25.469418901769753	0.0
97.0	25.229118756789415	24.740699443106152	24.894148788689137	25.1360330114153	0.0
98.0	25.428302676655317	24.43210701541309	24.80472459984711	25.334865708084486	0.0
99.0	25.47804130894351	24.552887456944408	24.712670123599587	25.256401110512495	0.0
100.0	25.17063313208326	24.939699817466867	24.901500615654125	24.988166434795748	0.0
101.0	25.474505927392023	24.528878133239793	24.712503604266395	25.28411233510179	0.0
102.0	25.448622105526763	24.50422471302368	24.494286464906324	25.53123141128175	0.021635305261484043
103.0	25.31275778875027	24.74802294777924	24.983185895187162	24.95603336828332	0.0
104.0	25.783746047269858	24.391016930618502	24.815587469585267	25.00964955252637	0.0
105.0	25.628281323081847	24.91173838269191	24.310308668409995	25.149671625816243	0.0
106.0	25.32270849922746	24.948101665613816	24.86385947453342	24.865330360625304	0.0
107.0	25.499118720605146	24.499115622275188	25.11313815737704	24.888627499742626	0.0
108.0	25.16471465605454	24.891886022703982	24.599906221541254	25.343493099700233	0.0
109.0	25.100606075345766	25.032790168085423	24.99049222466029	24.87611153190852	0.0
110.0	25.60393654154539	24.673929745215545	24.587255570606157	25.13487814263291	0.0
111.0	25.631878283540242	24.891802204495956	24.442406682539012	25.033912829424793	0.0
112.0	25.343510189052733	24.92454790510303	24.89502868791372	24.83691321793052	0.0
113.0	25.61269266265025	24.430470576450002	24.850427132095195	25.106409628804556	0.0
114.0	25.39578661925013	24.75765002059688	24.682345212090176	25.16421814806281	0.0
115.0	25.295814033789714	24.996158354556634	24.88318908960763	24.82483852204602	0.0
116.0	25.351787953071188	24.695503693865565	24.934136600020135	25.01857175304312	0.0
117.0	25.378662641855627	24.716385587388647	24.43587818591396	25.469073584841766	0.0
118.0	25.30995877683188	24.837763616057533	24.815054400920193	25.03722320619039	0.0
119.0	25.412227152901966	24.463837452126164	24.830456162494265	25.29347727586297	1.956614633663678E-6
120.0	25.4127597215717	24.657343214423346	24.60826201104781	25.32163505295715	0.0
121.0	24.800916388170887	24.8753090291344	24.92634614817069	25.397414735122865	1.3699401163948091E-5
122.0	25.241771130369617	24.502694603459137	24.71932783872664	25.534547628768333	0.0016587986762727845
123.0	25.377695255033327	24.94815515670592	24.429513906499913	25.24463568176084	0.0
124.0	24.79984059510378	24.907581820186795	24.846697842507982	25.443342420345637	0.0025373218558022957
125.0	25.37441203348988	24.8011797483812	24.868221230939813	24.9561869871891	0.0
126.0	24.965138601221028	24.837754933556482	24.54660205672412	25.629333855527253	0.0211705529711226
127.0	24.95965553764601	25.17520404540847	24.818257103360303	24.981933564899325	0.06494974868589069
128.0	25.19624212709911	24.812585756443042	24.84907669271826	25.142095423739587	0.0
129.0	25.188413748690163	25.13879355179251	24.635909453781117	25.03678428752029	9.895821591230671E-5
130.0	25.06951539566068	25.256508757263056	24.97935074197286	24.694625105103405	0.0
131.0	25.492800400602167	24.644063575871122	24.933382461025662	24.929753562501052	0.0
132.0	25.26991632494402	24.968295751343383	24.444626301692114	25.317161622020485	0.0
133.0	25.064826192553692	25.21782783609431	24.86593719941079	24.851408771941216	0.0
134.0	25.182081010736113	24.949834372961654	24.709672321499962	25.155481059904705	0.0029312348975653615
135.0	25.294364925691447	25.02415977628724	24.453522323193365	25.227952974827943	0.0
136.0	25.064832510670538	25.19157441959709	25.108262030568117	24.635331039164253	0.0
137.0	25.3276002037466	25.054370572974705	24.871523078417663	24.74582747476289	6.786700981407125E-4
138.0	25.13249069466873	24.884230676490404	24.74332365353815	25.239954975302716	0.0
139.0	24.89069697144202	24.87090037521103	25.154322794212796	25.083774386519348	3.0547261481365603E-4
140.0	25.104900047753997	24.7242585749658	24.963568922223217	25.20727245505699	0.0
141.0	24.972616292145815	24.852992686982216	24.597027363709397	25.57736365716257	0.0
