# Position (bp)	A	C	G	T	N
0.0	17.442447552112757	32.169697747387325	32.581546816726814	17.804478020417683	0.0018298633554212657
1.0	22.388859335090636	19.442251594340373	23.109800319271315	35.02488726684675	0.03420148445092966
2.0	25.468804431670357	23.03408526790374	24.306838183442846	27.190206945360213	6.517162284978195E-5
3.0	30.40139928038724	23.108524252553586	26.99624117888823	19.493019292249702	8.159959212413353E-4
4.0	33.640279457628594	18.665492649597116	25.83833592577134	21.855891967002947	0.0
5.0	35.86108937165164	20.81001668105938	20.052829300350368	23.275130620631618	9.340263069983074E-4
6.0	17.41290463260193	21.64701550582163	20.28365561444373	40.656424247132705	0.0
7.0	21.298802789423892	29.5868334775594	21.459501098226813	27.654862634789897	0.0
8.0	21.58791641564673	25.910023286648958	23.706783576516795	28.79527672118752	0.0
9.0	35.219924384369804	19.535395393958943	24.276595460439044	20.968084761232213	0.0
10.0	24.47296993512215	28.932853935228152	26.941160457087776	19.653015672561917	0.0
11.0	21.63505948131741	26.952748601114706	24.456102706977447	26.956089210590438	0.0
12.0	25.23886458789123	23.21559473418267	23.148872368480834	28.396623666884352	4.46425609148251E-5
13.0	25.401929247402677	23.73638906777727	23.340114573303357	27.5215671115167	0.0
14.0	25.672820489591334	23.990362166568385	23.378984853055325	26.957832490784956	0.0
15.0	25.96361812801018	23.85443093333793	23.913111666451588	26.2688392722003	0.0
16.0	26.039163790743775	23.658299649576033	24.159402015565192	26.143121362467276	1.3181647719146542E-5
17.0	26.232164100283956	23.59970626307254	24.227369625192015	25.94076001145149	0.0
18.0	26.138862431062666	23.48942538467246	24.53074764342879	25.84096454083608	0.0
19.0	26.224979717804832	23.845868088089397	24.016825403647104	25.91232679045867	0.0
20.0	25.817241008620666	23.897235344473977	24.119102710707892	26.166420936197465	0.0
21.0	25.94508490143264	23.990600514488296	24.079148213655714	25.985166370423347	0.0
22.0	26.043703789518034	23.62540815667169	24.019611076721766	26.31127697708851	0.0
23.0	25.73856608139911	23.946614398964915	23.76848440973778	26.545504284450317	8.308254478795081E-4
24.0	25.799220175445075	23.994840626652973	24.178989479736813	26.026949718165138	0.0
25.0	26.358620757702	23.500201585406746	23.99462197141846	26.146521242879615	3.4442593177572646E-5
26.0	26.234278958177725	23.977865246357833	23.715455116805575	26.07240067865887	0.0
27.0	25.805149606558725	23.923511601457616	24.273819005923357	25.997508644676024	1.11413842779004E-5
28.0	26.507955401981963	23.806088109096184	23.903446008204096	25.782510480717757	0.0
29.0	26.012440871025035	24.036454306185426	23.801718769637294	26.149353646083824	3.240706842722117E-5
30.0	25.652640290796686	24.098052256347337	24.292029051638263	25.95727840121772	0.0
31.0	25.838555307719236	23.930066906287866	24.3310882520059	25.900011068740405	2.784652465904437E-4
32.0	26.062354188724917	24.01665455260052	24.034306217184994	25.886685041489564	0.0
33.0	25.968281157507867	24.12212924286485	24.492882201512057	25.41669322331801	1.417479722066651E-5
34.0	25.75333164694208	23.951596791342652	24.607367842449076	25.687703719266192	0.0
35.0	26.25105881193165	23.966128667932413	23.983012360780524	25.799388139749396	4.12019606018754E-4
36.0	26.13687319144641	24.21992469244055	24.491015588554063	25.152186527558978	0.0
37.0	26.335315729016155	23.92325583850604	24.334606375851845	25.40681901992472	3.0367012371146313E-6
38.0	25.932552538233537	24.187411876643573	24.12884895467563	25.751186630447265	0.0
39.0	25.73787431927309	24.357936965849085	24.472892694973872	25.429591637587833	0.0017043823161104318
40.0	26.232409894667118	24.069988375085565	24.142551612598986	25.555050117648324	0.0
41.0	26.29270102685802	24.272708864826058	23.917927665861455	25.516662442454468	0.0
42.0	25.705195027453115	24.719339443322237	24.307626474919317	25.267839054305334	0.0
43.0	26.180471018874652	24.390665720853193	24.20172700855637	25.227117024299478	1.9227416304094097E-5
44.0	25.780240837633922	24.292537186140187	24.0282900021618	25.898931974064087	0.0
45.0	26.113214304402	24.308413490603964	24.6504969762416	24.927875228752438	0.0
46.0	25.883608107622415	24.335221111382022	24.429312525154995	25.351858255840572	0.0
47.0	25.679901837564824	24.59011538339847	24.168847984973667	25.56112771128585	7.082777196197452E-6
48.0	25.717632089890486	24.40340817944085	24.407871160269487	25.471088570399182	0.0
49.0	25.844735998456297	24.276500293420824	24.516636720900227	25.36212698722265	0.0
50.0	25.71540545394994	24.593222285131297	24.196203087271932	25.494656219796617	5.129538502098472E-4
51.0	25.542005623633013	24.61576024553433	24.752025440594355	25.08726355872634	0.0029451315119591918
52.0	25.424995363173746	24.38603974003665	24.420745750987237	25.768219145802362	0.0
53.0	25.63099818942683	24.538216029061356	24.245201395345934	25.585584386165884	0.0
54.0	25.62455484684	25.027982717751314	24.557845340596636	24.78925088117627	3.662136357826332E-4
55.0	26.009444499954014	24.444721649482243	24.385379291806455	25.16030483971165	1.4971904563536661E-4
56.0	25.787262082958247	24.860052131262663	24.28781203368877	25.06487375209032	0.0
57.0	25.573020244533833	24.848464083510684	24.550124926563104	25.028245077903126	1.4566748925300165E-4
58.0	25.526194741742792	24.64832748537633	24.481227151655148	25.34425062122573	0.0
59.0	25.83306361756958	24.49446856431921	24.440924640801924	25.23154317730929	0.0
60.0	25.606225660561133	24.625564212905143	24.711165720488662	25.057044406045065	0.0
61.0	25.795065184883327	24.3551365962391	24.437091416353375	25.41269365252837	1.3149995821841712E-5
62.0	25.63446298465805	24.66981964870708	24.382043175332015	25.313426366250912	2.478250519405905E-4
63.0	25.219643805000345	24.87231992053423	24.843435690863384	25.064594514424034	6.069178008232334E-6
64.0	25.590286675332536	24.494804307934405	24.906498946684057	25.008410070049003	0.0
65.0	25.492960781039177	24.64621426969614	24.61411165624177	25.24671329302291	0.0
66.0	25.52458392288261	24.800705868017978	25.050142602976422	24.62456760612299	0.0
67.0	25.60174835357235	24.622939822281808	24.93268074036468	24.842285143556595	3.4594022456375874E-4
68.0	25.344971731259758	24.728052914297656	24.829841135562823	25.097134218879763	0.0
69.0	25.225445207704794	24.912916354141185	24.941613132390202	24.92002530576382	0.0
70.0	25.479376962452594	24.870276202326817	24.70902728622639	24.941319548994205	0.0
71.0	25.29089083622481	24.640917724192988	24.637949052989843	25.424609497348637	0.005632889243722363
72.0	25.089398274750756	25.036497493271685	24.990333216661654	24.883767980854245	3.034461652719134E-6
73.0	25.1994586285861	24.55780878600227	24.975745656382493	25.266411389373467	5.755396556684814E-4
74.0	25.020274686190465	24.968285147135514	24.473917208960238	25.53750677356995	1.6184143835930975E-5
75.0	25.09144619910734	25.10464953119017	24.877773336993137	24.926130932709352	0.0
76.0	25.000037679864327	24.840509732395375	24.688167764958003	25.47128482278229	0.0
77.0	25.0489229941274	24.924412703296785	24.73603331781966	25.290630984756156	0.0
78.0	25.00056699837977	24.846450668035367	25.124977873912467	25.023829611655778	0.00417484801661539
79.0	24.989441149026355	24.455837538782472	25.175387193444564	25.379334118746616	0.0
80.0	24.93783011517375	24.94372807751173	24.80166002449546	25.316745363154535	3.6419664522688224E-5
81.0	24.622470316891263	25.13229815762757	25.0620513482678	25.183180177213373	0.0
82.0	25.197548953196105	24.851687095614594	24.844685966318274	25.10607090280382	7.0820672072597415E-6
83.0	25.155684750652675	24.8062151112127	24.701084347920542	25.337015790214085	0.0
84.0	24.806461131115416	24.997536743998705	25.033649321506278	25.162174724490207	1.780788893931984E-4
85.0	24.927408954637848	24.951994102154956	25.1147395421828	25.005857401024397	0.0
86.0	24.938380471066267	25.1182569371389	24.72754473136913	25.215817860425698	0.0
87.0	24.934379828932027	25.383093777202802	24.97732092853606	24.70520546532911	0.0
88.0	25.26808128594009	24.841347061530445	24.972543484336377	24.918027156195162	1.0119979235421805E-6
89.0	25.023656748084612	25.113655620252306	24.828968036682	25.033717570874302	2.024106787987849E-6
90.0	25.020457047416777	25.267523546441375	25.237697637384983	24.47432176875687	0.0
91.0	25.460770785007792	24.919327675057453	24.80578468622517	24.81411685370959	0.0
92.0	25.241074089387656	25.060479636120984	24.49898203304237	25.199464241448986	0.0
93.0	25.083289475455732	25.260187807884577	24.882400656213054	24.774122060446633	0.0
94.0	25.028032228424657	25.022229332648056	25.158944625765816	24.79079381316148	0.0
95.0	25.126972759039262	25.105543432474324	24.698656549492075	25.068827258994336	0.0
96.0	24.864128742667575	25.17118989672665	25.042083775828843	24.922597584776934	0.0
97.0	25.088824717944007	25.207892910784075	24.797836866905513	24.9054455043664	0.0
98.0	24.804407373595556	25.05566215633939	24.642095177834083	25.49783225419386	3.0380371055927827E-6
99.0	24.721250091718787	25.158313079243054	25.149349071340023	24.971087757698136	0.0
100.0	25.29841883527581	25.04833083557294	24.86745451481649	24.78579581433476	0.0
101.0	24.995986157739495	25.11348816111527	24.980709752659187	24.909815928486044	0.0
102.0	24.782189972792835	25.094416146668763	25.18345473385551	24.939919898601104	1.924808178935436E-5
103.0	24.90704317102006	25.108199888762645	24.959787501311034	25.024969438906265	0.0
104.0	24.989384406640262	25.048058194021127	24.722559266199603	25.239998133139007	0.0
105.0	25.02640545816371	24.958416964382764	25.109744819492626	24.905432757960902	0.0
106.0	25.222325491319964	24.66789837557269	25.05091205482668	25.058864078280667	0.0
107.0	25.28047073747695	24.803541523022883	24.993060345934293	24.922927393565878	0.0
108.0	24.9360630935991	25.18684120260477	25.143017811438877	24.734077892357252	0.0
109.0	25.239965800016233	24.776957872976528	24.908925311835773	25.074151015171463	0.0
110.0	25.173497712339387	24.758508488359247	24.74204622324973	25.32594757605163	0.0
111.0	25.049890719430635	24.97700827045053	25.232562873320852	24.740538136797987	0.0
112.0	25.54287609717304	24.619524278551353	25.02933673081234	24.80826289346327	0.0
113.0	25.39593680326669	25.12818911405525	24.547322418102823	24.92855166457524	0.0
114.0	25.076192834876554	25.185389601853466	25.088018349659606	24.65039921361037	0.0
115.0	25.24538829865862	24.736469823238096	25.35082442253734	24.66731745556595	0.0
116.0	24.92624927810489	25.126128943051157	24.841842377930128	25.105779400913825	0.0
117.0	24.838154594591135	25.265472051193132	25.215690568570587	24.680682785645143	0.0
118.0	25.336923142601808	24.953545420871826	24.81102960431942	24.898501832206946	0.0
119.0	25.37705291610767	25.15126066005623	24.700311976476215	24.77137444735989	0.0
120.0	25.095447525571334	25.195376313027	25.116235460433558	24.592940700968107	0.0
121.0	25.42985674392122	24.649868164346408	25.066849646019456	24.85342544571291	0.0
122.0	25.172493724659606	24.956029775730666	24.929675389048136	24.9418011105616	0.0
123.0	25.087278504675748	25.247240847579498	25.074138170738436	24.59134247700632	0.0
124.0	25.112242342029763	24.90921954757997	25.169788619327743	24.808749491062525	0.0
125.0	25.166320091668076	24.951993091570444	24.644325513134135	25.23736130362735	0.0
126.0	25.057561335876393	25.022013743820786	25.060214991706513	24.86020992859631	0.0
127.0	25.160706365102143	24.674576818081707	25.092001711438193	25.072715105377956	0.0
128.0	25.115140963670463	24.86692128405635	24.901510866186953	25.11642688608623	0.0
129.0	24.545519905330902	25.09173088279148	25.19821701923903	25.16453219263859	0.0
130.0	25.02437489692344	24.72292546893919	24.934450516236346	25.317680595303884	5.685225971379696E-4
131.0	25.16852332731731	25.200649557308807	24.622656687354553	25.008170428019334	0.0
132.0	24.60505739194344	25.155018355041967	25.05590938748517	25.18080300084008	0.0032118646893408
133.0	25.12568352643891	25.042075229656835	25.094117732383943	24.738121471397896	2.040122414281273E-6
134.0	24.749345095474634	25.027736985766687	24.832950731873837	25.389967186884842	0.0
135.0	24.770490265133816	25.415955605918704	25.088099724757594	24.725130757754318	3.236464355654149E-4
136.0	25.001360594693466	25.051685233404502	25.076672371085902	24.870281800816127	0.0
137.0	24.95837966303475	25.33650136204672	24.892844073699184	24.812103205640266	1.7169557907798614E-4
138.0	24.86274762595898	25.494156760080838	25.200490839331557	24.442604774628627	0.0
139.0	25.24650816191659	24.923048387929988	25.14407346968585	24.686257432861336	1.1254760623059045E-4
140.0	25.036962419087676	25.208474759952498	24.691940253000695	25.06262256795913	0.0
141.0	24.83448307806258	25.472568530124697	25.09717912743492	24.59566168855983	1.0757581797655234E-4
142.0	24.98964552139317	25.19176859458027	24.965281680376926	24.85159982180903	0.0017043818406011237
143.0	25.11076954074548	25.22228620464078	24.692329245812573	24.97461500880117	0.0
144.0	24.867485604810117	25.429449586170605	25.308660996194643	24.394403812824635	0.0
145.0	25.10355257917083	25.27843092795613	25.14411344709683	24.473503735496212	3.993102799982208E-4
146.0	24.893911755628636	25.121111303922394	25.017012800487997	24.967964139960973	0.0
147.0	24.669398817570226	25.071668517142857	25.39836344453306	24.860167732356896	4.0148839695952523E-4
148.0	24.885913581516366	24.91415868258599	25.234892919985164	24.965034815912478	0.0
149.0	24.72467012877487	25.067623172127668	24.882748986149874	25.324957712947587	0.0
