# Position (bp)	A	C	G	T	N
0.0	16.833006682067857	31.841938352743526	33.81810257656094	17.505135219898815	0.001817168728865065
1.0	21.749903060330325	19.655913722620276	23.897656039423875	34.66190333503596	0.03462384258956011
2.0	24.91994878009944	23.091779803502703	25.237905742657684	26.75030759066152	5.808307865262013E-5
3.0	29.844163264591355	23.034911818900248	27.940916189113647	19.179251240029217	7.574873655383567E-4
4.0	33.118479993629016	18.69102162733523	26.56078227515806	21.629716103877687	0.0
5.0	35.471826770852246	20.780509436602543	20.78580822182908	22.960968710693578	8.868600225602138E-4
6.0	17.328810881707575	21.673186459082086	20.934177585121727	40.06382507408861	0.0
7.0	21.10102620452099	29.41418998439819	22.053569466726795	27.43121434435402	0.0
8.0	21.342632385402695	25.88587268184864	24.161412708953545	28.610082223795125	0.0
9.0	34.5690439559235	19.730592402496804	24.86754793885932	20.83281570272037	0.0
10.0	23.931547321173724	29.121000355753928	27.43575907351788	19.511693249554465	0.0
11.0	21.163668461015202	27.054173646367158	25.07650594606759	26.705651946550052	0.0
12.0	24.80754227534103	23.514942718805397	23.771276164920966	27.90619721138266	4.162954994608313E-5
13.0	25.077310146483832	23.92187993310327	23.847716160777654	27.15309375963525	0.0
14.0	25.261445860043874	24.23955768315644	23.90904562038274	26.589950836416943	0.0
15.0	25.457643853347655	24.12836520385361	24.50828147316341	25.90570946963533	0.0
16.0	25.63438687854453	23.89359405691713	24.694089210315955	25.77792275079701	7.103425376238253E-6
17.0	25.865589842330483	23.865214727415395	24.70227701450128	25.566918415752838	0.0
18.0	25.646095686477004	23.813728572192954	25.10416277127665	25.436012970053394	0.0
19.0	25.893376515243165	24.049487486351037	24.56278630767342	25.494349690732378	0.0
20.0	25.47707480479261	24.128162011378258	24.55165642586696	25.843105743638304	1.0143238657594703E-6
21.0	25.48037024788131	24.3206163230506	24.633509641848246	25.565503787219846	0.0
22.0	25.598149614952547	24.02355913945246	24.5245162905947	25.85377495500029	0.0
23.0	25.427477299254758	24.257541028752023	24.272900942811948	26.04124210444188	8.386247393912779E-4
24.0	25.532395965804618	24.298567545073176	24.704321635033054	25.46471485408915	0.0
25.0	25.964132053028532	23.843625533150536	24.491563882556626	25.700627837098967	5.069416534490079E-5
26.0	25.913238531400516	24.256515006695743	24.142794131791174	25.687452330112563	0.0
27.0	25.454135739998073	24.252390203044495	24.725102624379726	25.568355212828653	1.621974905290858E-5
28.0	26.029550537090497	24.165011020426174	24.388771737804184	25.416666704679148	0.0
29.0	25.60249579208701	24.346468594094905	24.306020611067712	25.74498358093672	3.142181365350175E-5
30.0	25.307336613187893	24.395862097400776	24.73034203045959	25.566459258951742	0.0
31.0	25.51687872332231	24.249541394121334	24.71374783872478	25.519505698874816	3.2634495675422576E-4
32.0	25.710124722136875	24.298501700282856	24.42447665475446	25.566896922825812	0.0
33.0	25.555878026583105	24.424836710660266	24.9434385603734	25.075833528351232	1.317403199265027E-5
34.0	25.484940700691617	24.28309505508957	24.95442692737699	25.277537316841826	0.0
35.0	25.8756200038125	24.334691202786647	24.420777969229192	25.36853287732746	3.7794684419806046E-4
36.0	25.748906118825488	24.53587579782449	24.885061001783367	24.830157081566657	0.0
37.0	25.94667573548944	24.178313046178758	24.752850702478817	25.122153423658578	7.092194413908044E-6
38.0	25.652270492417617	24.44955833145724	24.54507654820144	25.353094627923706	0.0
39.0	25.422547209590114	24.65723317391372	24.893521979145135	25.024966320363422	0.0017313169876073161
40.0	25.961237136177306	24.340669271058598	24.577448996289128	25.120644596474968	0.0
41.0	25.927765134578323	24.51629581561535	24.39323110136573	25.162707948440598	0.0
42.0	25.429438275052483	24.872985556394372	24.746757165968727	24.950819002584414	0.0
43.0	25.804578971892454	24.568898939107648	24.63679342414138	24.989686121915696	4.25429428211605E-5
44.0	25.48230732690066	24.557948298702232	24.463220003967727	25.496524370429384	0.0
45.0	25.71691152377803	24.60857775643198	25.010027871415474	24.664482848374515	0.0
46.0	25.62239757814791	24.547452366296216	24.83662711786264	24.993522937693232	0.0
47.0	25.476345354665003	24.74387788843707	24.52375339311291	25.2560132358078	1.0127977221450014E-5
48.0	25.433940108716875	24.682091142639596	24.83928614868873	25.044682599954804	0.0
49.0	25.581096778311164	24.581622533286655	24.865499230143776	24.971781458258402	0.0
50.0	25.489063394553135	24.781757645136025	24.588066795650093	25.140567318317746	5.44846343001473E-4
51.0	25.323524157892635	24.90724324454827	25.071814450254386	24.69442154288589	0.0029966044188177885
52.0	25.232104540341076	24.586939205844168	24.85463528966854	25.326320964146216	0.0
53.0	25.39565344801086	24.773651556409284	24.603218452802448	25.22747654277741	0.0
54.0	25.30255454953822	25.130945625242273	25.048701581449535	24.51739724102007	4.010027499067365E-4
55.0	25.618115891691957	24.737515065117964	24.80171358058995	24.842511671858997	1.4379074113190856E-4
56.0	25.47055719411405	25.02721178107955	24.6957958099477	24.8064352148587	0.0
57.0	25.267861946271847	25.06303067353549	25.008964095812964	24.660005573834322	1.3771054537436403E-4
58.0	25.25135594053048	24.857296703899348	24.859158817269833	25.032188538300343	0.0
59.0	25.518650931230237	24.77370015779719	24.786812796477268	24.92083611449531	0.0
60.0	25.291616173663485	24.877343782678526	25.08652685156152	24.74451319209647	0.0
61.0	25.49547452589512	24.668616601600547	24.824634752220362	25.01126399488967	1.0125394300573504E-5
62.0	25.383522650613582	24.946475704323152	24.660765060836713	25.008984463371238	2.521208553166603E-4
63.0	24.98097024941491	25.070363526076978	25.17884603948863	24.769812084775815	8.10024367456781E-6
64.0	25.315634153953425	24.74697077084447	25.179014160536255	24.758380914665846	0.0
65.0	25.224385187017628	24.91183254848638	24.87559233092519	24.988189933570805	0.0
66.0	25.229918468846368	25.074778311284064	25.360382530417557	24.334920689452005	0.0
67.0	25.37534706431818	24.854706795515753	25.224952273308876	24.544652647315868	3.412195413211498E-4
68.0	25.124534765591523	24.943648903892875	25.070019623162977	24.861796707352628	0.0
69.0	24.924197815757804	25.149871690718363	25.28500891246917	24.640921581054666	0.0
70.0	25.222868367652907	24.995776128909093	25.06582956377666	24.715525939661344	0.0
71.0	25.089614905362474	24.911312041513774	24.96117479718215	25.03235581224902	0.005542443692584159
72.0	24.833857860206976	25.25411251877533	25.356650969909804	24.555377638592454	1.012515440101075E-6
73.0	25.052109821921153	24.821269444177055	25.245763215638206	24.880303667411006	5.538508525825108E-4
74.0	24.81746141293157	25.14136367031132	24.862040487321465	25.179119241343884	1.518809175843109E-5
75.0	24.82190238748208	25.28408234843163	25.26969804754227	24.624317216544014	0.0
76.0	24.8222247862755	25.08408460572508	25.0356320993526	25.05805850864682	0.0
77.0	24.885617960311727	25.16752597701944	25.026961817109317	24.919894245559522	0.0
78.0	24.796192537959044	25.14610896199133	25.41671709929091	24.636944090503313	0.004037310255404986
79.0	24.7636927110063	24.818705780230456	25.4371304091054	24.980471099657848	0.0
80.0	24.74306011027573	25.177677252156194	25.128002468417403	24.951220674796286	3.949435438837114E-5
81.0	24.459020531925923	25.3773630582546	25.392647837758663	24.77096857206082	0.0
82.0	24.93805371914716	25.11029683304567	25.16366296066364	24.787980410727066	6.076416466606561E-6
83.0	24.94239297518081	25.054383368909004	24.99038625393419	25.012837401975997	0.0
84.0	24.633039023444923	25.287113026142116	25.292140617225726	24.787520976064066	1.8635712316376706E-4
85.0	24.729448569727246	25.232488063348185	25.344114137209807	24.69394922971476	0.0
86.0	24.71853506548092	25.33387242093011	25.063542956762713	24.88404955682626	0.0
87.0	24.66446113169539	25.52565032930781	25.354430083046996	24.45545845594981	0.0
88.0	25.047247794328005	25.079643821779445	25.219214874915437	24.653893508977117	0.0
89.0	24.819113899485473	25.33956142416288	25.045284395852534	24.796039267476367	1.0130227416413038E-6
90.0	24.771806054186747	25.50299173311017	25.50922111241093	24.215981100292154	0.0
91.0	25.18855470659065	25.149892898148675	25.10049603239029	24.56105636287039	0.0
92.0	25.030274795159567	25.243686720906044	24.84278200899249	24.883256474941902	0.0
93.0	24.77446290398653	25.45497742397391	25.266004155294254	24.504555516745302	0.0
94.0	24.78517806167639	25.23014948034247	25.39540503666891	24.589267421312226	0.0
95.0	24.84178553394488	25.345739692238283	24.982904209969398	24.82957056384744	0.0
96.0	24.568905087744177	25.431263139868676	25.345373822733535	24.65445794965361	0.0
97.0	24.840257832546396	25.3268293353312	25.137288849037194	24.69562398308521	0.0
98.0	24.603666017125697	25.334403662360216	24.923520077983838	25.13840821541754	2.0271127136293005E-6
99.0	24.51220650179685	25.42767107648895	25.407893137174664	24.65222928453953	0.0
100.0	24.992366293354877	25.268142752473455	25.159501943951955	24.57998901021971	0.0
101.0	24.7188656294157	25.3169660789815	25.235905893096195	24.728262398506608	0.0
102.0	24.47367391709146	25.400235294580447	25.47935861777097	24.646700740629022	3.14299281006937E-5
103.0	24.644603521897423	25.28777984056888	25.273108918209235	24.79450771932446	0.0
104.0	24.738957986590925	25.342599183796544	24.998056834692672	24.92038599491985	0.0
105.0	24.711220159433378	25.31790742954775	25.37647090572041	24.594401505298467	0.0
106.0	24.9287359500246	24.99514510410817	25.301290320624148	24.774828625243085	0.0
107.0	24.941396620128298	25.093528052694943	25.20842516473661	24.75665016244015	0.0
108.0	24.65051071622004	25.440212943743965	25.402829707393064	24.506446632642927	0.0
109.0	24.91312034867154	25.02490268973804	25.217473818315096	24.84450314327532	0.0
110.0	24.89835513706173	25.025008328161135	25.001268084356738	25.0753684504204	0.0
111.0	24.833053884748683	25.217964517657563	25.44091011593593	24.508071481657822	0.0
112.0	25.1942789118274	24.915541608597664	25.284551223320438	24.605628256254498	0.0
113.0	25.034934335366067	25.34771650028236	24.845855959604705	24.771493204746868	0.0
114.0	24.785888018331615	25.378926580852614	25.343084829099936	24.492100571715834	0.0
115.0	24.951777005701757	24.985918238904503	25.51780506533615	24.544499690057588	0.0
116.0	24.718733489418437	25.32649196658549	25.079503389530462	24.875271154465608	0.0
117.0	24.61240360071185	25.47141343318686	25.486485224373574	24.429697741727715	0.0
118.0	25.00824122844864	25.150751274072636	25.112653654229206	24.728353843249515	0.0
119.0	25.01554329060672	25.37516888133964	24.988994889016162	24.620292939037487	0.0
120.0	24.75753974307059	25.407018685749307	25.410705119708915	24.424736451471183	0.0
121.0	25.05239814996222	24.973408384789387	25.290127626947818	24.68406583830058	0.0
122.0	24.882526115286055	25.226527844585235	25.1320957980189	24.758850242109816	0.0
123.0	24.804701830580044	25.455038794894836	25.322746536689145	24.417512837835975	0.0
124.0	24.86625960789958	25.189022984422493	25.333727512437505	24.610989895240426	0.0
125.0	24.839808613195462	25.214800289613365	24.932665564477087	25.012725532714086	0.0
126.0	24.67810535310993	25.35744979551975	25.340717003397835	24.623727847972493	0.0
127.0	24.849394127005905	24.986083955468168	25.268401791331534	24.896120126194386	0.0
128.0	24.86863300596635	25.183131915833805	25.086212698902894	24.862022379296956	0.0
129.0	24.356419624635294	25.398291930200482	25.436694429790784	24.80859401537344	0.0
130.0	24.761996878132734	25.06012642379109	25.199863191980864	24.97744527175156	5.682343437537939E-4
131.0	24.91444409697782	25.41081623984297	24.928879128132674	24.745860535046535	0.0
132.0	24.382511968421426	25.40851567486529	25.383777790419458	24.821989992334597	0.003204573959228506
133.0	24.892535517608593	25.23979929967689	25.327683435518615	24.539979708664745	2.0385311539084194E-6
134.0	24.578208371496647	25.27384061793565	25.084359651184464	25.063591359383242	0.0
135.0	24.610954956259786	25.618176101703426	25.332508516127156	24.438030975014005	3.294508956244994E-4
136.0	24.82147018212848	25.280839919009026	25.285247880002892	24.612442018859603	0.0
137.0	24.715590540044023	25.524386401492432	25.120999054726305	24.63884026119941	1.8374253783274164E-4
138.0	24.611777839297407	25.695558875001222	25.407088589207405	24.285574696493963	0.0
139.0	24.96405032803881	25.11966220769592	25.387264412673836	24.52891577039957	1.0728119186093766E-4
140.0	24.777763660345705	25.43576888886599	24.960579805490816	24.825887645297485	0.0
141.0	24.694437153803968	25.575817967243054	25.38030958366567	24.349307439160427	1.278561268758284E-4
142.0	24.77573624843315	25.364289882571	25.198905244664598	24.659372324386275	0.0016962999449772304
143.0	24.81603440317645	25.44843759741281	24.95561921048963	24.779908788921112	0.0
144.0	24.585926198611013	25.639133428703666	25.589768362808986	24.18517200987634	0.0
145.0	24.89249842968311	25.455669185452017	25.344340542183836	24.30711391088282	3.779317982222951E-4
146.0	24.651044230942198	25.399913834170402	25.22153489066008	24.72750704422732	0.0
147.0	24.475327377478358	25.36802396027424	25.591314977222567	24.564955784156865	3.779008679734225E-4
148.0	24.7423655657286	25.214577515784942	25.395670124261088	24.64738679422537	0.0
149.0	24.617495688735232	25.325311697038284	25.057677386562087	24.9995152276644	0.0
