# Position (bp)	A	C	G	T	N
0.0	17.763256977356914	32.14816037310532	32.625254399312404	17.4614416369559	0.0018866132694589524
1.0	22.61395803140657	18.989801536288148	23.13447193050512	35.22715185680765	0.03461664499250844
2.0	25.838048634208597	22.722155078376304	23.97589712387946	27.463853101764364	4.6061771271430895E-5
3.0	30.670742460832827	22.76985186488508	26.758561170232674	19.800031442471873	8.130615775407315E-4
4.0	33.89167765164876	18.358572627697658	25.61444969532312	22.135300025330462	0.0
5.0	35.93246093620463	20.50556131255995	19.970714297871456	23.590403256993593	8.601963703677021E-4
6.0	17.506839916956473	21.387757079416296	20.19982339581906	40.90557960780817	0.0
7.0	21.476149725348904	29.107535277830493	21.392770820149646	28.023544176670956	0.0
8.0	21.80017765679209	25.498154496867514	23.634450304887135	29.06721754145326	0.0
9.0	35.37650080343758	19.237581053046025	24.181834079249022	21.204084064267377	0.0
10.0	24.83421238480041	28.59116452431601	26.79876239281794	19.775860698065635	0.0
11.0	21.812767213188593	26.627321994686987	24.33933329177273	27.220577500351688	0.0
12.0	25.476649491948656	22.942557040505278	23.041666623749503	28.539091150313954	3.569348260565319E-5
13.0	25.727160091052394	23.316839525395654	23.178065013034608	27.777935370517344	0.0
14.0	25.94135454443237	23.63615106399657	23.215111990525376	27.2073813815584	1.0194872853674692E-6
15.0	26.089049634014188	23.576689602825933	23.827366699584346	26.50689406357553	0.0
16.0	26.215991634417524	23.327916972001596	24.04979702658987	26.406286213401852	8.153589158987855E-6
17.0	26.491804599127605	23.301253144498954	24.034296135753777	26.172646120619664	0.0
18.0	26.301190012692967	23.27127396438001	24.368049347790226	26.059486675136796	0.0
19.0	26.523090186077575	23.453948902366747	23.89109311534237	26.13186779621331	0.0
20.0	26.052801532996895	23.59352767153359	23.909432616174715	26.4442371605785	1.018716304175486E-6
21.0	26.147078301595673	23.70648064399859	23.91957748963009	26.226863564775655	0.0
22.0	26.294641027444065	23.387926966723803	23.806338120840007	26.51109388499212	0.0
23.0	26.022792159220543	23.64775860588911	23.55103661195113	26.777565292157973	8.473307812449889E-4
24.0	26.110057140482983	23.683473577618265	24.034803230302867	26.17166605159588	0.0
25.0	26.558350469342763	23.22593274000728	23.840701970124837	26.37496899959551	4.582092960768853E-5
26.0	26.539673491939418	23.685448745281796	23.470816122110694	26.304061640668085	0.0
27.0	26.08408057252622	23.61117028713469	24.134330113109026	26.17041190065518	7.126574882694287E-6
28.0	26.694865453744672	23.578057214743716	23.794102182001943	25.93297514950967	0.0
29.0	26.21912864072012	23.743334620355714	23.689872124673077	26.347637129723612	2.748452748345864E-5
30.0	25.944474533614663	23.78235279514028	24.103786835142223	26.169385836102833	0.0
31.0	26.092026660574376	23.685471771822918	24.147497007239156	26.074728729871016	2.758304925337164E-4
32.0	26.337968615121593	23.69593890854627	23.84605594448796	26.12003653184417	0.0
33.0	26.295823176600003	23.780603507676084	24.302721825584978	25.62083724215694	1.424798199470303E-5
34.0	26.056373208466276	23.689475401828727	24.44417361611515	25.809977773589843	0.0
35.0	26.52024166801123	23.68059104649756	23.832583973581333	25.966184420404947	3.9889150492972917E-4
36.0	26.402563415419106	23.94580536032316	24.267822685154393	25.38380853910334	0.0
37.0	26.613452156624547	23.598751575645117	24.178837651660327	25.60895759858935	1.017480663746592E-6
38.0	26.19510721567125	23.904567780324996	24.015473439367437	25.884851564636318	0.0
39.0	25.994396869979152	24.092222992875147	24.293354759010725	25.61824397447333	0.001781403661644197
40.0	26.638795137208433	23.74097915565266	23.954501003543328	25.665724703595576	0.0
41.0	26.597997618741466	23.931675743553267	23.743082468370606	25.72724416933466	0.0
42.0	25.99649338770287	24.365223279659258	24.122146065931467	25.516137266706412	0.0
43.0	26.455378614836416	24.062751960190074	24.016432202562356	25.46541179211555	2.5430295605519804E-5
44.0	26.146378232681027	23.976793438539495	23.83633532717613	26.04049300160335	0.0
45.0	26.446607881470403	24.026806287102087	24.359231148578335	25.167354682849176	0.0
46.0	26.22353399221744	24.006562620053618	24.297610909671327	25.47229247805761	0.0
47.0	26.006617762264312	24.21021980333854	23.94283137033101	25.840328012859416	3.0512067242900613E-6
48.0	26.021891165739987	24.04907064874182	24.22686089396397	25.70217729155423	0.0
49.0	26.15792524545906	23.996773279521165	24.31736147919011	25.52793999582966	0.0
50.0	26.120974488827496	24.210985491005232	23.993013539846345	25.674517986563234	5.084937576899511E-4
51.0	25.926256139621586	24.37390946569186	24.470343578804023	25.226521265549945	0.0029695503325865864
52.0	25.82591739597072	24.002353965268	24.236315593852456	25.935413044908827	0.0
53.0	25.981999952164532	24.210666959862298	23.990992939061677	25.816340148911493	0.0
54.0	25.961654582064646	24.571045066056286	24.43828453495396	25.028634484782852	3.813321422483189E-4
55.0	26.310550628490404	24.194221635047068	24.16679063122618	25.32830491252814	1.321927082115741E-4
56.0	26.18639104216996	24.417073590862067	24.123242155604448	25.273293211363523	0.0
57.0	25.927591759427283	24.508098137004165	24.341261520522128	25.222918428623693	1.3015442273168142E-4
58.0	25.865548671849016	24.27483992267432	24.26632098502916	25.593290420447502	0.0
59.0	26.16278006255474	24.16158374531326	24.249416780855242	25.42621941127676	0.0
60.0	25.939521846902586	24.292474710613114	24.495575793527404	25.272427648956892	0.0
61.0	26.148824797670233	24.058256419708897	24.197646963891355	25.595264701208713	7.117520802378049E-6
62.0	26.088410123350403	24.33729753921467	24.01772268785002	25.55633883987679	2.3080970811255251E-4
63.0	25.614200509538875	24.504786591500036	24.553625772038924	25.327371875163827	1.5251758334547033E-5
64.0	25.977774889223	24.164145022061856	24.617555030798425	25.24052505791672	0.0
65.0	25.885457922332343	24.351036940185782	24.24376305844767	25.519742079034202	0.0
66.0	25.869679089049335	24.49569787650646	24.764800407912034	24.869822626532176	0.0
67.0	26.029104340119822	24.3067889588113	24.64506049194776	25.018722875013676	3.233341074372132E-4
68.0	25.75317698485912	24.39585134700079	24.486009880763607	25.364961787376483	0.0
69.0	25.592134064134143	24.572595051054837	24.66971588967098	25.165554995140045	0.0
70.0	25.8774232547763	24.41099457209313	24.51727680895481	25.194305364175758	0.0
71.0	25.725176253388128	24.294885025198333	24.421631879294882	25.552716669053183	0.0055901730654745
72.0	25.494428440720498	24.656943151189406	24.775186129589837	25.073440244947165	2.0335530973830142E-6
73.0	25.59691566791928	24.194119707010984	24.700291898409116	25.508130778792403	5.419478682145063E-4
74.0	25.36852625249916	24.586337708353305	24.268938518715522	25.77618633556086	1.1184871156181758E-5
75.0	25.461882647508137	24.71297796671661	24.615096776922563	25.210042608852685	0.0
76.0	25.394143311658578	24.455484456539942	24.406883275920503	25.743488955880977	0.0
77.0	25.481133335340644	24.55124140172997	24.460783310309772	25.506841952619613	0.0
78.0	25.301198644324923	24.52745865999261	24.8838519551274	25.2834037920943	0.004086948460763078
79.0	25.35555566922754	24.166463845217855	24.90150850446191	25.57647198109269	0.0
80.0	25.253163958358655	24.58321888047562	24.57975910745585	25.58382551028347	3.254342640583788E-5
81.0	24.900864185737138	24.78316486258071	24.84165805678457	25.474312894897583	0.0
82.0	25.49788120768192	24.532959280913268	24.576622936088558	25.392523353459843	1.3221856403967501E-5
83.0	25.50079385825282	24.40476294609392	24.380928890439424	25.71351430521383	0.0
84.0	25.167179619943525	24.63522053898711	24.695937395196623	25.50150987051204	1.525753607087504E-4
85.0	25.197161432807828	24.627728067375568	24.8136079468521	25.361502552964506	0.0
86.0	25.242739918247043	24.71588554016358	24.46370139437439	25.577673147214984	0.0
87.0	25.268867278560908	24.95742275388056	24.77730857844437	24.996401389114162	0.0
88.0	25.61665127119096	24.52044293715561	24.69065593516954	25.172249856483887	0.0
89.0	25.340796195327826	24.805498098542	24.529162793064387	25.32454291306579	0.0
90.0	25.39110006335098	24.947268739157565	24.95679204261702	24.704839154874435	0.0
91.0	25.774252556983452	24.558115018922326	24.547801308832707	25.119831115261515	0.0
92.0	25.640936316889434	24.620308794321716	24.22607417489579	25.51268071389306	0.0
93.0	25.434416828697202	24.88061397179478	24.653076403434678	25.03189279607334	0.0
94.0	25.334708464187116	24.649042423045383	24.902799748544126	25.11344936422337	0.0
95.0	25.50149236735479	24.746053639428627	24.370465436252072	25.38198855696451	0.0
96.0	25.18829791843611	24.830652822587346	24.74889300957722	25.232156249399328	0.0
97.0	25.413315590578396	24.78680561193841	24.534084170686164	25.265794626797028	0.0
98.0	25.114208808093824	24.714119277683476	24.356428384276498	25.815238438362353	5.091583846115228E-6
99.0	25.018759913428145	24.80998894595761	24.834778786093032	25.336472354521213	0.0
100.0	25.67923111860681	24.68359285330366	24.553347775990773	25.083828252098755	0.0
101.0	25.30347547057847	24.792134346263257	24.641869392314376	25.2625207908439	0.0
102.0	25.040800082737697	24.781611063972363	24.840745369165266	25.33681393785823	2.9546266442586423E-5
103.0	25.19529521508114	24.696120291746205	24.65552599606707	25.45305849710559	0.0
104.0	25.304022704481977	24.753872599431066	24.335460604593788	25.60664409149317	0.0
105.0	25.354956378896397	24.6388803938317	24.72036872662791	25.285794500643995	0.0
106.0	25.48855945605209	24.342829039046343	24.68777459646197	25.480836908439596	0.0
107.0	25.53659344796439	24.479938171559443	24.58353584473782	25.399932535738344	0.0
108.0	25.240467977111468	24.83840098315383	24.752052551050607	25.169078488684093	0.0
109.0	25.552679956792375	24.386692558275858	24.60423727947399	25.45639020545778	0.0
110.0	25.52615089268401	24.417067940311448	24.361284562927437	25.6954966040771	0.0
111.0	25.45604063140662	24.62853806171808	24.841631795286336	25.073789511588966	0.0
112.0	25.93889075711425	24.2783494279755	24.695260983451277	25.08749883145897	0.0
113.0	25.696117749133208	24.779587439822667	24.222810031473426	25.3014847795707	0.0
114.0	25.425550003318214	24.822847584687576	24.741527520152314	25.010074891841892	0.0
115.0	25.6089345358016	24.38156533735981	24.994275001512705	25.015225125325884	0.0
116.0	25.30089828070765	24.759671552023576	24.512277730373324	25.42715243689545	0.0
117.0	25.218507337625102	24.919315014234954	24.87213597553664	24.990041672603304	0.0
118.0	25.746763420273695	24.550367916736107	24.465012660993825	25.237856001996377	0.0
119.0	25.76321429674656	24.79491007676099	24.349622470283407	25.092253156209043	0.0
120.0	25.439195996552645	24.829742407874008	24.7622027470411	24.968858848532246	0.0
121.0	25.73979561037668	24.33910195191456	24.71508292777157	25.206019509937192	0.0
122.0	25.53503079880295	24.648319302930734	24.54007875923233	25.276571139033983	0.0
123.0	25.44027433555825	24.881604524572563	24.72318759993972	24.95493353992947	0.0
124.0	25.45019381229045	24.626510397878132	24.77415759106101	25.14913819877041	0.0
125.0	25.46973412855954	24.591856431161933	24.333220445739972	25.60518899453856	0.0
126.0	25.367303233114285	24.774997944605172	24.69497259085765	25.162726231422894	0.0
127.0	25.537127817750587	24.358436059890053	24.63918081620635	25.465255306153008	0.0
128.0	25.537196588060663	24.555490876297167	24.464096529763154	25.443216005879016	0.0
129.0	24.9019221694734	24.775631054273866	24.76186567270184	25.560581103550895	0.0
130.0	25.306633620610654	24.420920732849037	24.54844658156968	25.723476409633022	5.22655337607367E-4
131.0	25.468187703108512	24.811530954434243	24.322830529225968	25.39745081323127	0.0
132.0	24.884963943457734	24.759140213178064	24.756535609643073	25.596204695894603	0.0031555378265265997
133.0	25.469748055532808	24.71645117262258	24.688798758693753	25.12500201315086	0.0
134.0	25.056905275811904	24.709320141810736	24.460254472498868	25.7735201098785	0.0
135.0	25.125711700994113	25.075830326020593	24.7081726945795	25.09000316023829	2.821181675008252E-4
136.0	25.329074529955452	24.719180142538512	24.680078985737914	25.271666341768118	0.0
137.0	25.316938188545183	24.98870318409275	24.507634606239545	25.1865528806762	1.711404463247991E-4
138.0	25.249201235896663	25.196745039631896	24.762138051214087	24.791915673257353	0.0
139.0	25.666084673753442	24.500562197142255	24.77240782845376	25.06083172964186	1.1357100868318504E-4
140.0	25.362469597915755	24.82773762490586	24.328122437086915	25.481670340091465	0.0
141.0	25.241133116939935	25.056088917854968	24.74646323960538	24.956166829242342	1.478963573768407E-4
142.0	25.305910422385587	24.841985228019023	24.56592680973937	25.28443259590103	0.0017449439549891035
143.0	25.399635169972967	24.887994228519126	24.341068563046726	25.37130203846118	0.0
144.0	25.175074434454032	25.073041797012337	24.999460488201784	24.752423280331847	0.0
145.0	25.44955895928041	24.92608349417328	24.779293341114737	24.8446645470479	3.9965838367034143E-4
146.0	25.214331330817114	24.799239665484013	24.584180981822268	25.402248021876606	0.0
147.0	24.976840749655217	24.753724230592844	25.02123016119761	25.247823739453533	3.8111910079448503E-4
148.0	25.265825540026764	24.628279904934566	24.83531041859748	25.270584136441187	0.0
149.0	25.115554231935295	24.64251310546464	24.488104270558537	25.753828392041527	0.0
