# Position (bp)	A	C	G	T	N
0.0	21.95424228343261	25.553027478624685	23.405470130544302	29.087260107398404	0.0
1.0	35.55707553331099	19.27711856804922	24.07748598646263	21.088319912177155	0.0
2.0	24.95439210804674	28.61279304155776	26.672164789228788	19.760650061166714	0.0
3.0	21.860959667278255	26.691672846167748	24.27912443184399	27.168243054710008	0.0
4.0	25.44956663300025	22.984933534215184	22.954627013989963	28.610855455843648	1.736295095975448E-5
5.0	25.692959444525293	23.40047543729505	23.194077365589685	27.712486731610873	1.0209790989446976E-6
6.0	25.904040677232647	23.694870745480507	23.173493663573893	27.227547965883215	4.6947829734510025E-5
7.0	26.19943629541891	23.64305831288262	23.67788493299	26.47962045870847	0.0
8.0	26.220870296045558	23.3912167167316	23.990183605854856	26.3968971897061	8.32191661898477E-4
9.0	26.48125235324622	23.300664231928934	24.038423841501352	26.179659573323494	0.0
10.0	26.457926358592264	23.243473460023107	24.298319162950413	26.00028101843421	0.0
11.0	26.557714076903956	23.560194204849612	23.7877202666492	26.05302800178616	0.04134344981107716
12.0	26.082956051524263	23.657426683872103	23.933678228756808	26.325935978636707	3.0572101233358055E-6
13.0	26.215692642529774	23.742524703445252	23.90711720187801	26.134665452146965	0.0
14.0	26.337687291441224	23.38778679368854	23.75839902005736	26.516126894812874	0.0
15.0	25.99356392218983	23.687023431308535	23.56264003483974	26.756591294757428	1.813169044734639E-4
16.0	26.010813080996808	23.779118836735663	23.985861040912557	26.22420704135497	0.0
17.0	26.58745985861777	23.238157399260746	23.781654140183633	26.39267564681651	5.295512133917554E-5
18.0	26.555535368250972	23.736246759519283	23.495910013963524	26.21230785826622	0.0
19.0	26.081268135218057	23.697374205421465	24.135450883134734	26.085885395308022	2.1380917726411854E-5
20.0	26.88141559917937	23.58327095226784	23.68854514032556	25.846768308227237	0.0
21.0	26.28590873125876	23.78880866190799	23.628864579020625	26.296220545874284	1.9748193834263713E-4
22.0	25.859466531472535	23.912354693723735	24.125498590786844	26.102680184016886	0.0
23.0	26.056563008640815	23.781707526103695	24.169721452525778	25.99029202863609	0.0017159840936213238
24.0	26.419008209178894	23.823638847624192	23.858631503227148	25.898721439969762	0.0
25.0	26.249493103536807	23.91447274591135	24.323020431994188	25.512796962409872	2.1675614777677034E-4
26.0	25.984007776490298	23.768770789082104	24.510622833453844	25.73659860097376	0.0
27.0	26.57536722925614	23.75154385319444	23.775373281497465	25.897533498998005	1.8213705394088572E-4
28.0	26.413215621199377	24.05938773668349	24.3491317853388	25.178264856778338	0.0
29.0	26.636303663512788	23.68499118665112	24.192527184471967	25.48617796536412	0.0
30.0	26.09262716392204	23.96040151938407	24.04296846882799	25.904002847865897	0.0
31.0	25.941158655741493	24.193827811429117	24.30832247719728	25.554761158784128	0.00192989684797995
32.0	26.545999528576854	23.867656579307422	23.941234036360466	25.645109855755262	0.0
33.0	26.623536742811353	24.047967243252405	23.750335953689873	25.578160060246365	0.0
34.0	25.911788668128715	24.589500011684148	24.163881588259375	25.29115939594299	0.043670335984768875
35.0	26.518041200852732	24.210224008897963	24.033124759086313	25.238607996580107	2.034582883601503E-6
36.0	26.095223729777288	24.088344538034303	23.839801672703484	25.976630059484922	0.0
37.0	26.449022002379234	24.102696832634052	24.466423182158895	24.960235772423307	0.02162221040451284
38.0	26.16039171343011	24.206553538992697	24.281007702595762	25.35202873532989	1.8309651545257793E-5
39.0	25.89953562917907	24.432325356832518	24.020061122174084	25.647786981090032	2.9091072429975653E-4
40.0	25.92718319287085	24.20184046973015	24.222143298422775	25.64883303897622	0.0
41.0	26.102908111017097	24.06864650094972	24.383257716692427	25.44518767134075	0.0
42.0	25.943932483078964	24.379838014560505	24.067741510899832	25.607607127229144	8.808642315619147E-4
43.0	25.8058422469477	24.466354884437717	24.54634489529834	25.180772420210772	6.855531054660594E-4
44.0	25.65534742938647	24.152913411907782	24.24581229575928	25.945926862946468	0.0
45.0	25.872983693123363	24.37641857005504	24.06479427378494	25.68576888252707	3.45805095846951E-5
46.0	25.843165886697918	24.919043381543187	24.446704902080082	24.791077692926365	8.13675244553146E-6
47.0	26.261408641236216	24.302406144729375	24.202718568633884	25.233379177854292	8.746754623488726E-5
48.0	26.03231744649032	24.69750645808783	24.141932465971045	25.128243629450804	0.0
49.0	25.779748665536413	24.701139072385374	24.357193441484956	25.161313694331728	6.051262615268036E-4
50.0	25.789539388552928	24.49609002022685	24.269350195802822	25.445020395417405	0.0
51.0	26.143931998242397	24.26997601057424	24.291097803134235	25.294994188049124	0.0
52.0	25.84068279751283	24.43496832152263	24.599807038775445	25.124541842189092	0.0
53.0	26.070152937087492	24.140268120544857	24.245916243632596	25.543584384362223	7.831437283038039E-5
54.0	25.90917770626122	24.445893082667727	24.181509317959392	25.46286152495023	5.583681614202689E-4
55.0	25.36650085232851	24.704512454118046	24.66407406701491	25.264692941135763	2.1968540277355668E-4
56.0	25.77783521648219	24.28219386862533	24.863800415875524	25.07617049901696	0.0
57.0	25.757471001478056	24.44841337838293	24.43969624718501	25.35441733885502	2.0340989844638774E-6
58.0	25.788448350870468	24.61936594766245	24.910447347537804	24.681738353929283	0.0
59.0	25.847456963438837	24.422575543877493	24.80711360787233	24.922853884811342	0.0
60.0	25.596380382785654	24.47843214144775	24.744709094437557	25.180478381329042	0.0
61.0	25.45549930800827	24.765607806139837	24.771851531711793	25.007041354140096	0.0
62.0	25.7033717140733	24.692442983235356	24.585244302920408	25.01894099977094	0.0
63.0	25.529360319627887	24.403206420464425	24.501802347623872	25.562796509476165	0.0028344028076514147
64.0	25.316410999203942	24.849057740139685	24.833571710588632	25.000959550067737	0.0
65.0	25.346718059387957	24.34892199209155	24.82828510989992	25.476074838620573	0.0
66.0	25.182560461070615	24.768150220551735	24.298175016292216	25.751066501205106	4.780088032745515E-5
67.0	25.242114016795842	24.958557266345522	24.692127524656104	25.107201192202538	0.0
68.0	25.167911727992454	24.652980089599502	24.50716556301265	25.671942619395395	0.0
69.0	25.282967043808245	24.737704745298945	24.57100723452612	25.40832097636669	0.0
70.0	25.212692123984322	24.63261927385138	25.020988956207557	25.128381338491362	0.005318307465380097
71.0	25.18688171737879	24.194182552458113	25.06969996044985	25.549235769713246	0.0
72.0	25.099147115614585	24.747644895559343	24.66741992469956	25.485787046998297	1.0171282153787713E-6
73.0	24.740120908399124	24.920728584817347	24.932129721562248	25.407020785221277	0.0
74.0	25.426776198745483	24.654255615098343	24.66212739326112	25.254684420016766	0.00215637287828929
75.0	25.39102805616767	24.53489606897921	24.520407407648513	25.553668467204606	0.0
76.0	25.00606819979099	24.801763493828055	24.847449699043533	25.344183551920423	5.350554169915739E-4
77.0	25.09776890645431	24.74791835063913	24.98745018781485	25.16686255509171	0.0
78.0	25.1530919229248	24.88399955317088	24.55778804977471	25.4051204741296	0.0
79.0	25.140410710324556	25.160966521931954	24.877459905561885	24.821162862181605	0.0
80.0	25.43234176593262	24.66090790522064	24.889263567536958	25.017228357564736	2.584037450475116E-4
81.0	25.184310161462054	24.90544784053842	24.705973857458602	25.20426814054092	0.0
82.0	25.204687960727355	25.13553873308026	25.10750911206861	24.552264194123772	0.0
83.0	25.698955858283302	24.69701551876845	24.647401073594573	24.956627549353673	0.0
84.0	25.51865235829779	24.813563716860415	24.254631080905593	25.413152843936203	0.0
85.0	25.322414397841193	25.09756577952546	24.66670072631401	24.91331909631934	0.0
86.0	25.2518502140438	24.87217066976589	24.99036250131659	24.88561661487373	0.0
87.0	25.390078397274234	24.90919061772604	24.48810637242527	25.212396673291288	2.2793928316188907E-4
88.0	25.086200515337786	24.99572749917486	24.852255527319613	25.065737083375712	7.93747920355008E-5
89.0	25.240412249615396	25.094918024565278	24.583619779488295	25.081049946331035	0.0
90.0	24.916263744275938	24.84373740862228	24.49210446894412	25.74789437815766	0.0
91.0	24.879475633344963	24.968360601239006	24.96819470081686	25.18396906459917	0.0
92.0	25.544101911774547	24.848748406133577	24.702602528455493	24.904547153636383	0.0
93.0	25.20611430824793	24.92338151494799	24.807217438949326	25.06328673785475	0.0
94.0	24.897695527435047	24.909035263505032	25.00947336209473	25.18356681279861	2.2903416658406168E-4
95.0	25.036918374254302	24.94784030055584	24.773830420691525	25.241410904498334	0.0
96.0	25.177062884460195	24.855787659491792	24.52382898317121	25.443320472876803	0.0
97.0	25.15187800441764	24.73227791299018	24.962255631366133	25.15358845122605	0.0
98.0	25.45326491102926	24.423151865409626	24.85875890293335	25.26482432062776	0.0
99.0	25.47570846718988	24.540646450364818	24.853655460517192	25.12998962192811	0.0
100.0	25.132574315768757	25.001255552382563	24.963456603120036	24.902713528728647	0.0
101.0	25.417793611759283	24.60433812106405	24.7191699707101	25.258698296466562	0.0
102.0	25.425901337573375	24.487295789960115	24.581467473428667	25.48367554520723	0.021659853830613078
103.0	25.286859317139797	24.738676011419873	25.10940602176651	24.86505864967382	0.0
104.0	25.817561290289593	24.339468303033414	24.869255065526854	24.973715341150136	0.0
105.0	25.69835740356111	24.947794851661676	24.303771007388058	25.05007673738916	0.0
106.0	25.33326827329312	24.959291549133717	24.926227058759352	24.78121311881381	0.0
107.0	25.47321272500622	24.48728475148802	25.217680553224003	24.821821970281754	0.0
108.0	25.085763800108417	24.915017649138214	24.63004949681189	25.369169053941476	0.0
109.0	24.997692915962567	25.134206468905706	25.041226167811704	24.826874447320023	0.0
110.0	25.54252104470257	24.757272614332713	24.54873658717745	25.151469753787264	0.0
111.0	25.614990705823292	24.95129463314202	24.47333737548055	24.960377285554138	0.0
112.0	25.33603215591796	25.050452067732593	24.900431141596652	24.713084634752796	0.0
113.0	25.662522557082628	24.42921141385119	24.85729546287851	25.05097056618767	0.0
114.0	25.402339743407087	24.802290622862312	24.739262343417813	25.05610729031279	0.0
115.0	25.288996368929133	25.068117626818363	24.87889072474455	24.763995279507952	0.0
116.0	25.312935122126028	24.7377999801122	24.975636831783547	24.97362806597823	0.0
117.0	25.381034734712287	24.672819350595805	24.40819703844341	25.53794887624849	0.0
118.0	25.298119085432734	24.798459306622707	24.836386539491656	25.067035068452903	0.0
119.0	25.380846191039286	24.43255982867923	24.89424369033569	25.29234824985909	2.0400867040929413E-6
120.0	25.38077420223785	24.61656052806068	24.685611672357116	25.31705359734436	0.0
121.0	24.69566851689412	24.871892299967648	24.9989516137343	25.433471244167684	1.6325236254227597E-5
122.0	25.18011843769529	24.502031258343802	24.73132814995407	25.584941471744173	0.0015806822626704311
123.0	25.37631624035986	25.001702345084453	24.424926806305503	25.197054608250184	0.0
124.0	24.687176628258378	24.93455498985462	24.902873133426446	25.472847471102327	0.0025477773582292555
125.0	25.341602483440234	24.849950788072803	24.928749696891934	24.87969703159503	0.0
126.0	24.84454896119706	24.859146371890457	24.596417485414868	25.67832495978437	0.0215622217132461
127.0	24.931116169188275	25.27939621654312	24.864476568774236	24.861467921333244	0.06354312416111996
128.0	25.161724979005317	24.832188111033982	24.921512161266115	25.084574748694582	0.0
129.0	25.17676092587851	25.19727031603035	24.65701227533079	24.968873725930507	8.275682984454037E-5
130.0	25.072683102205794	25.330112216202032	25.053456141702718	24.543748539889453	0.0
131.0	25.539238375702457	24.689038616403355	24.9927172393303	24.779005768563888	0.0
132.0	25.267211518778627	25.01030746521665	24.473237318627138	25.249243697377587	0.0
133.0	25.00573736368868	25.39202879249258	24.88211141534005	24.720122428478692	0.0
134.0	25.134379336922606	25.093228697500603	24.672098239393005	25.09735944783648	0.0029342783473049376
135.0	25.33097980133322	25.119970193847717	24.51020972958616	25.038840275232904	0.0
136.0	25.035547009294778	25.23798741719869	25.230072336526067	24.496393236980474	0.0
137.0	25.156472049513688	25.24045340100208	24.95771885764551	24.644630810563477	7.248812752432192E-4
138.0	25.017934901650108	24.957799807500162	24.870737138150155	25.15352815269957	0.0
139.0	24.7080180970261	24.947041000839125	25.330210239990354	25.014448420164943	2.822419794812553E-4
140.0	24.91175419513362	24.76892077535559	25.129017371619273	25.190307657891513	0.0
141.0	24.839676979249464	24.927724155429424	24.733473934107643	25.49912493121347	0.0
